15; 29
12; 22
11; 21
11; 23
11; 26
11; 25
11; 24
11; 24
11; 26
11; 28
11; 26
11; 25
11; 25
11; 27
11; 28
11; 27
11; 25
11; 26
11; 27
11; 29
11; 27
11; 26
11; 25
11; 27
11; 29
11; 28
11; 26
11; 26
11; 27
11; 29
11; 28
11; 26
11; 26
11; 27
11; 29
11; 28
11; 26
11; 26
11; 27
11; 29
11; 28
11; 27
11; 26
11; 27
11; 29
11; 27
11; 26
11; 26
11; 27
11; 28
11; 28
11; 26
11; 26
11; 27
11; 29
11; 28
11; 26
11; 27
11; 27
11; 29
11; 28
11; 26
11; 25
11; 27
11; 29
11; 27
11; 27
11; 26
11; 28
11; 29
11; 28
11; 26
11; 26
11; 28
11; 29
11; 28
11; 27
11; 26
11; 28
11; 28
11; 27
11; 26
11; 26
11; 27
11; 29
11; 28
11; 27
11; 27
11; 27
11; 29
11; 28
11; 26
11; 26
11; 27
11; 29
11; 27
11; 26
11; 26
11; 27
11; 29
11; 28
11; 26
11; 26
11; 28
11; 29
11; 28
11; 26
11; 26
11; 27
11; 29
11; 27
11; 26
11; 25
11; 27
11; 29
11; 28
11; 26
11; 26
11; 27
11; 29
11; 28
11; 26
11; 26
11; 28
11; 29
11; 27
11; 26
11; 26
11; 27
11; 29
11; 28
11; 26
11; 26
11; 27
11; 28
11; 27
11; 26
11; 26
11; 28
11; 29
11; 28
11; 26
11; 25
11; 27
11; 29
11; 27
11; 26
11; 26
11; 28
11; 28
11; 28
11; 26
11; 26
11; 27
11; 29
11; 28
11; 26
11; 26
11; 28
11; 29
11; 27
11; 26
11; 26
11; 28
11; 29
11; 27
11; 26
11; 25
11; 27
11; 29
11; 27
11; 26
11; 26
11; 28
11; 28
11; 27
11; 26
11; 26
11; 28
11; 29
11; 27
11; 26
11; 26
11; 28
11; 28
11; 28
11; 26
11; 26
11; 28
11; 29
11; 27
11; 26
11; 26
11; 27
11; 29
11; 27
11; 26
11; 26
11; 28
11; 29
11; 28
11; 26
11; 26
11; 28
11; 29
11; 27
11; 26
11; 26
11; 27
11; 29
11; 27
11; 26
11; 26
11; 27
11; 29
11; 28
11; 26
11; 26
11; 28
11; 29
11; 27
11; 26
11; 26
11; 27
11; 29
11; 27
11; 26
11; 26
11; 28
11; 28
11; 27
11; 26
11; 26
11; 28
11; 29
11; 27
11; 26
11; 26
11; 27
11; 28
11; 27
11; 26
11; 26
11; 28
11; 29
11; 27
11; 26
11; 26
11; 28
11; 29
11; 27
11; 26
11; 26
11; 28
11; 29
11; 27
11; 26
11; 26
11; 28
11; 28
11; 27
11; 26
11; 26
11; 28
11; 28
11; 27
11; 26
11; 26
11; 27
11; 29
11; 27
11; 26
11; 26
11; 28
11; 29
11; 27
11; 26
11; 28
11; 26
11; 28
11; 27
11; 26
11; 26
11; 28
11; 27
11; 29
11; 26
11; 23
11; 28
11; 29
11; 27
11; 26
11; 26
11; 28
11; 28
11; 27
11; 26
11; 26
11; 28
11; 28
11; 27
11; 26
11; 26
11; 27
11; 29
11; 27
11; 26
11; 26
11; 27
11; 29
11; 27
11; 26
11; 26
11; 28
11; 29
11; 27
11; 26
11; 26
11; 28
11; 29
11; 27
11; 26
11; 26
11; 27
11; 29
11; 27
11; 26
11; 26
11; 28
11; 29
11; 26
11; 26
11; 26
11; 27
11; 28
11; 27
11; 26
11; 26
11; 27
11; 28
11; 27
11; 26
11; 26
11; 28
11; 29
11; 27
11; 26
11; 26
11; 27
11; 29
11; 27
11; 26
11; 26
11; 28
11; 28
11; 26
11; 27
11; 26
11; 28
11; 29
11; 27
11; 26
11; 26
11; 29
11; 28
11; 27
11; 28
11; 27
11; 30
11; 30
11; 31
11; 33
11; 32
11; 36
11; 36
11; 40
11; 42
11; 41
11; 50
11; 48
11; 57
12; 51
11; 62
11; 76
11; 76
11; 76
13; 82
11; 95
14; 109
13; 104
11; 111
11; 103
11; 131
13; 134
11; 135
11; 154
11; 149
12; 181
16; 161
12; 201
11; 190
11; 201
15; 201
11; 201
11; 187
16; 201
16; 201
12; 201
11; 201
14; 201
19; 201
12; 201
15; 201
12; 201
19; 201
14; 201
11; 201
19; 201
17; 201
17; 201
17; 201
11; 201
14; 201
21; 201
15; 201
17; 201
20; 201
17; 201
14; 201
20; 201
21; 201
14; 201
15; 201
18; 201
22; 201
11; 201
17; 201
18; 201
22; 201
16; 201
19; 201
21; 201
21; 201
13; 201
20; 201
23; 201
23; 201
13; 201
23; 201
24; 201
22; 201
16; 201
23; 201
27; 201
17; 201
22; 201
23; 201
25; 201
19; 201
22; 201
25; 201
22; 201
18; 201
25; 201
28; 201
22; 201
21; 201
27; 201
28; 201
17; 201
25; 201
28; 201
29; 201
30; 201
19; 201
30; 201
25; 201
25; 201
27; 201
32; 201
17; 201
31; 201
29; 201
29; 201
25; 201
36; 201
29; 201
20; 201
29; 201
33; 201
30; 201
27; 201
31; 201
37; 201
22; 201
33; 201
34; 201
32; 201
30; 201
33; 201
37; 201
25; 201
36; 201
38; 201
27; 201
33; 201
36; 201
36; 192
29; 201
38; 201
38; 201
27; 201
34; 201
41; 201
34; 201
39; 201
35; 201
36; 201
41; 201
33; 201
39; 201
33; 201
39; 201
43; 201
33; 201
39; 201
40; 201
34; 175
38; 201
39; 175
44; 176
31; 201
43; 201
45; 200
34; 201
39; 201
46; 201
42; 201
40; 201
44; 201
40; 201
45; 201
40; 201
45; 201
38; 201
44; 201
50; 201
48; 201
36; 201
49; 201
37; 201
45; 201
51; 201
43; 201
47; 201
51; 201
38; 201
49; 201
50; 201
42; 201
47; 201
52; 201
49; 201
48; 201
53; 201
45; 201
50; 201
53; 201
45; 201
50; 201
55; 201
52; 201
51; 201
56; 201
43; 201
53; 201
56; 201
46; 201
58; 201
53; 201
51; 197
54; 201
60; 201
46; 201
57; 201
59; 176
48; 201
57; 190
50; 182
60; 187
55; 201
61; 154
50; 199
61; 189
55; 135
56; 201
61; 144
55; 138
57; 150
64; 171
58; 111
59; 168
66; 129
51; 128
63; 161
63; 74
54; 130
61; 96
62; 99
58; 108
65; 140
63; 86
62; 163
67; 162
54; 173
67; 184
66; 201
57; 201
66; 201
66; 201
62; 201
68; 201
68; 183
65; 201
73; 201
58; 201
68; 165
70; 201
64; 201
70; 196
69; 201
64; 201
74; 201
70; 201
62; 182
74; 181
64; 201
73; 201
62; 167
73; 201
74; 152
64; 194
73; 155
69; 169
74; 153
77; 174
67; 129
74; 193
79; 137
67; 172
77; 167
67; 110
74; 187
78; 100
68; 152
76; 112
76; 103
75; 116
81; 125
69; 93
75; 141
81; 77
72; 132
82; 140
69; 130
81; 201
81; 137
75; 201
84; 189
73; 195
81; 175
83; 160
76; 157
85; 167
79; 101
81; 153
88; 92
76; 132
86; 129
73; 83
86; 147
84; 66
81; 154
88; 82
77; 107
87; 87
88; 74
82; 79
79; 42
89; 82
86; 85
87; 19
86; 73
93; 41
79; 49
89; 76
79; 8
89; 91
83; 106
90; 6
93; 40
81; 72
90; 58
90; 58
90; 81
94; 71
85; 64
93; 97
88; 46
90; 105
94; 45
90; 104
99; 80
85; 95
95; 122
83; 77
97; 170
95; 100
93; 201
98; 164
89; 201
101; 201
87; 201
99; 201
98; 198
97; 201
100; 184
92; 167
102; 174
91; 120
98; 148
99; 70
105; 58
97; 112
94; 93
105; 60
92; 47
102; 71
90; 14
104; 77
98; 6
103; 6
103; 72
107; 6
98; 67
95; 43
107; 6
96; 20
105; 19
104; 6
103; 25
107; 14
100; 26
108; 40
107; 51
99; 14
105; 6
105; 60
111; 8
105; 64
113; 34
98; 63
113; 69
99; 47
111; 102
99; 32
111; 109
109; 6
108; 122
111; 38
106; 129
115; 60
104; 136
116; 116
103; 150
112; 147
111; 128
112; 140
114; 119
109; 112
116; 88
107; 60
118; 71
107; 22
114; 74
118; 7
114; 72
114; 78
121; 53
115; 14
109; 80
123; 65
109; 49
120; 87
109; 40
120; 90
108; 7
120; 93
121; 107
115; 6
121; 6
115; 104
122; 6
115; 89
125; 6
114; 70
125; 6
114; 42
124; 6
114; 21
122; 14
117; 6
123; 12
124; 6
121; 6
125; 6
119; 6
127; 6
128; 14
117; 6
118; 6
125; 50
125; 7
126; 60
126; 113
123; 95
130; 59
123; 94
132; 63
134; 65
120; 74
120; 38
133; 75
121; 32
131; 95
120; 14
132; 95
132; 112
123; 6
132; 6
127; 109
127; 105
133; 14
135; 16
126; 87
137; 33
125; 73
135; 40
125; 50
132; 55
132; 28
133; 45
132; 49
135; 28
137; 45
139; 47
130; 42
129; 18
139; 40
134; 31
130; 6
134; 6
138; 6
139; 6
135; 6
142; 6
132; 6
145; 6
131; 7
145; 20
131; 6
142; 33
131; 6
142; 65
131; 6
142; 97
143; 117
132; 6
144; 7
139; 128
144; 6
138; 97
146; 6
149; 201
152; 201
147; 201
146; 201
149; 201
144; 201
146; 201
143; 201
145; 187
145; 70
145; 6
145; 6
144; 6
145; 6
144; 6
144; 6
144; 6
144; 6
144; 6
144; 6
143; 6
144; 6
143; 6
143; 6
143; 6
143; 6
142; 6
143; 6
142; 6
143; 6
141; 6
142; 6
142; 6
142; 6
142; 6
142; 6
141; 6
141; 6
142; 6
142; 6
142; 6
141; 6
142; 6
140; 6
142; 6
142; 6
140; 6
141; 6
141; 6
141; 6
141; 6
141; 6
140; 6
141; 6
140; 6
140; 6
140; 6
140; 6
140; 6
140; 6
139; 6
140; 6
139; 6
140; 6
139; 6
140; 6
140; 6
139; 6
140; 6
138; 6
140; 6
139; 6
139; 6
139; 6
139; 6
139; 6
137; 6
138; 6
139; 6
139; 6
139; 6
139; 6
139; 6
138; 6
137; 6
139; 6
138; 6
138; 6
138; 6
138; 6
139; 6
137; 6
137; 6
139; 6
138; 6
138; 6
138; 6
138; 6
137; 6
138; 6
138; 6
138; 6
138; 6
138; 6
137; 6
138; 6
137; 6
136; 6
137; 6
137; 6
137; 6
137; 6
137; 6
137; 6
137; 6
136; 6
138; 6
136; 6
137; 6
137; 6
137; 6
137; 6
136; 6
135; 6
136; 6
137; 6
136; 6
136; 6
136; 6
137; 6
135; 6
136; 6
136; 6
136; 6
136; 6
136; 6
136; 6
136; 6
136; 6
136; 6
135; 6
135; 6
136; 6
135; 6
136; 6
135; 6
136; 6
136; 6
134; 6
135; 6
136; 6
136; 6
135; 6
135; 6
135; 6
136; 6
136; 6
135; 6
135; 6
135; 6
135; 6
133; 6
135; 6
134; 6
135; 6
135; 6
135; 6
135; 6
135; 6
135; 6
134; 6
134; 6
134; 6
134; 6
134; 6
134; 6
134; 6
133; 6
134; 6
135; 6
134; 6
134; 6
134; 6
134; 6
133; 6
132; 6
134; 6
133; 6
134; 6
133; 6
133; 6
133; 6
133; 6
132; 6
134; 6
133; 6
133; 6
133; 6
133; 6
133; 6
133; 6
133; 6
132; 6
133; 6
133; 6
133; 30
132; 36
133; 32
133; 25
133; 23
133; 20
131; 8
132; 6
132; 6
133; 6
133; 6
133; 6
131; 6
132; 6
133; 6
133; 8
133; 9
132; 7
133; 7
131; 6
132; 8
132; 6
132; 6
132; 6
132; 6
132; 6
131; 6
131; 6
131; 6
132; 6
132; 6
132; 6
132; 6
132; 6
132; 6
130; 6
132; 6
132; 6
131; 6
131; 6
130; 7
132; 7
130; 8
131; 11
131; 8
131; 8
131; 9
130; 9
131; 9
132; 16
132; 26
131; 34
131; 57
131; 46
130; 60
132; 63
131; 44
131; 30
131; 18
131; 11
131; 6
131; 6
130; 6
130; 8
130; 14
131; 12
131; 8
130; 8
130; 14
130; 14
130; 15
130; 8
129; 12
130; 7
130; 7
130; 8
130; 8
130; 8
130; 9
129; 9
129; 10
130; 9
130; 10
130; 10
129; 11
130; 11
130; 11
130; 12
128; 12
129; 12
129; 12
129; 12
129; 12
130; 13
130; 13
129; 13
129; 13
129; 14
130; 14
130; 14
129; 14
130; 14
128; 15
130; 15
129; 23
129; 43
129; 53
129; 56
129; 55
129; 55
127; 41
129; 20
128; 9
129; 9
129; 10
128; 10
129; 10
128; 11
127; 11
129; 11
127; 12
128; 12
128; 12
128; 13
127; 13
129; 13
128; 13
129; 14
128; 14
128; 14
128; 14
127; 15
128; 15
127; 15
128; 15
128; 15
128; 16
128; 16
127; 16
128; 16
127; 16
126; 16
127; 17
127; 17
127; 17
127; 17
127; 17
128; 17
126; 18
127; 18
128; 18
127; 18
127; 18
127; 18
127; 18
127; 18
126; 18
126; 29
127; 44
127; 62
127; 69
126; 61
127; 42
127; 24
127; 12
127; 16
125; 13
126; 13
127; 14
126; 14
126; 13
127; 14
126; 15
126; 15
127; 15
126; 16
126; 15
126; 16
126; 16
127; 16
125; 16
124; 17
124; 17
126; 17
125; 17
125; 17
126; 17
125; 18
124; 18
126; 18
125; 18
125; 18
125; 19
125; 19
125; 19
125; 19
124; 19
125; 19
125; 19
125; 19
124; 20
124; 19
124; 20
125; 20
124; 20
125; 20
124; 20
125; 20
125; 20
124; 34
125; 28
125; 20
123; 30
123; 27
125; 19
124; 19
124; 20
125; 20
125; 20
123; 20
124; 20
124; 20
125; 20
124; 20
124; 20
124; 20
124; 20
123; 21
124; 21
125; 21
124; 21
124; 21
124; 21
124; 21
124; 21
123; 21
124; 21
124; 21
124; 21
123; 22
123; 21
124; 22
122; 21
123; 22
123; 22
123; 22
124; 22
123; 22
123; 22
124; 22
123; 22
122; 22
124; 22
123; 22
124; 22
123; 22
124; 22
123; 22
123; 22
122; 22
123; 25
123; 31
123; 47
123; 64
123; 74
123; 77
121; 66
123; 53
122; 41
123; 28
122; 13
123; 13
123; 14
123; 14
123; 14
123; 15
122; 15
122; 16
122; 16
122; 16
122; 16
121; 17
122; 17
123; 17
122; 18
122; 17
121; 18
122; 18
122; 18
121; 18
122; 18
120; 19
121; 19
121; 19
121; 19
121; 20
121; 19
120; 20
121; 20
121; 20
121; 20
121; 21
121; 20
121; 21
121; 21
119; 21
121; 21
121; 21
121; 21
121; 21
121; 21
121; 21
121; 22
120; 22
120; 24
121; 44
121; 67
122; 82
121; 91
120; 39
121; 85
119; 63
120; 24
120; 22
120; 12
120; 17
120; 12
121; 13
120; 13
121; 14
119; 14
120; 14
120; 15
120; 15
120; 15
120; 16
119; 16
121; 16
120; 17
120; 17
120; 17
120; 17
120; 18
120; 18
119; 18
120; 18
120; 18
120; 19
120; 28
120; 29
120; 27
120; 29
118; 37
120; 40
120; 40
120; 31
119; 32
119; 31
119; 34
119; 34
118; 39
120; 47
121; 59
120; 103
120; 87
120; 109
120; 105
119; 99
118; 91
121; 73
120; 49
119; 38
119; 32
119; 22
118; 24
119; 26
119; 25
120; 25
120; 26
119; 25
119; 27
119; 23
119; 27
118; 22
119; 24
118; 24
118; 23
119; 18
119; 22
119; 16
119; 11
117; 10
118; 12
118; 20
118; 16
118; 12
119; 11
119; 10
119; 18
118; 18
119; 12
118; 8
118; 9
118; 12
118; 11
119; 8
118; 12
119; 14
118; 16
119; 16
118; 12
118; 9
119; 11
118; 15
118; 29
118; 22
118; 45
118; 71
118; 93
118; 109
118; 106
118; 96
118; 82
118; 50
118; 68
118; 32
118; 22
118; 14
118; 18
117; 13
117; 6
118; 6
118; 10
118; 16
117; 12
117; 9
117; 10
118; 11
117; 10
118; 6
116; 6
117; 6
117; 6
117; 6
117; 6
117; 6
117; 6
117; 6
115; 6
117; 6
117; 6
118; 6
117; 7
116; 8
116; 8
117; 9
117; 10
117; 10
117; 11
117; 11
117; 12
117; 12
115; 12
116; 13
116; 13
116; 14
117; 14
117; 14
116; 15
115; 15
116; 16
116; 33
117; 62
116; 85
118; 98
117; 95
116; 90
116; 81
116; 63
116; 42
116; 20
116; 12
117; 8
116; 6
116; 6
116; 6
116; 6
116; 9
116; 13
116; 13
116; 10
116; 11
114; 11
116; 12
116; 10
115; 10
115; 10
116; 11
115; 12
115; 11
114; 12
116; 12
116; 13
116; 14
115; 14
115; 14
115; 14
115; 15
116; 17
115; 16
116; 17
115; 16
115; 16
115; 18
115; 19
114; 18
115; 17
115; 22
114; 28
115; 27
115; 36
116; 43
115; 62
115; 81
116; 101
116; 93
115; 102
115; 95
115; 80
115; 65
115; 48
115; 34
115; 30
115; 21
115; 21
115; 24
115; 22
115; 26
114; 28
114; 28
115; 24
115; 21
115; 20
115; 22
114; 14
114; 6
114; 6
115; 6
114; 9
114; 6
114; 6
114; 6
114; 9
114; 9
114; 7
114; 8
114; 9
114; 9
114; 10
114; 10
114; 11
114; 11
114; 12
113; 12
114; 12
114; 13
113; 13
114; 14
113; 14
113; 14
113; 15
114; 15
114; 22
114; 32
114; 41
113; 54
114; 78
114; 100
114; 109
114; 107
113; 95
113; 83
114; 74
114; 37
114; 56
114; 27
113; 22
113; 16
113; 20
113; 12
113; 6
113; 8
112; 16
114; 19
113; 15
113; 7
113; 6
113; 10
112; 8
113; 6
113; 6
112; 6
113; 6
113; 6
112; 6
113; 8
111; 8
111; 9
112; 10
113; 9
112; 11
112; 11
112; 12
113; 12
111; 12
111; 13
113; 13
112; 14
112; 14
112; 14
112; 15
112; 15
112; 16
112; 16
112; 16
111; 16
111; 17
112; 17
112; 24
112; 39
112; 54
113; 79
112; 93
111; 101
111; 93
112; 79
112; 63
112; 48
112; 15
111; 28
111; 12
111; 9
112; 6
110; 6
111; 7
112; 6
111; 14
112; 20
111; 19
111; 12
111; 11
112; 11
111; 14
111; 10
111; 11
111; 12
111; 11
109; 12
111; 13
111; 13
111; 14
111; 14
111; 14
111; 15
110; 15
111; 15
110; 16
111; 16
111; 18
110; 17
111; 17
110; 20
110; 26
111; 26
110; 19
110; 18
110; 21
111; 28
111; 30
111; 51
109; 37
110; 74
111; 93
111; 102
111; 98
110; 90
109; 73
111; 99
111; 52
110; 23
110; 37
110; 19
110; 14
111; 13
110; 13
109; 9
111; 12
110; 25
110; 32
110; 26
110; 22
111; 24
109; 27
110; 26
110; 17
110; 11
110; 15
110; 18
109; 16
110; 8
108; 7
110; 11
109; 18
110; 21
109; 9
109; 10
109; 11
110; 17
110; 15
108; 14
110; 14
109; 21
109; 24
109; 22
109; 20
110; 22
108; 24
108; 26
109; 12
108; 17
109; 16
109; 26
109; 40
110; 51
108; 63
109; 111
110; 87
110; 123
109; 115
109; 102
109; 87
109; 69
108; 52
109; 35
108; 24
108; 17
109; 15
109; 15
108; 10
109; 14
109; 6
109; 12
108; 20
108; 18
108; 12
108; 10
109; 8
108; 8
108; 6
107; 6
109; 6
109; 6
107; 6
108; 6
108; 6
109; 6
107; 6
108; 6
107; 6
108; 8
107; 8
108; 9
108; 9
106; 10
108; 11
108; 12
107; 12
108; 12
108; 13
107; 11
107; 13
107; 14
106; 14
107; 15
107; 15
107; 16
107; 16
107; 20
106; 37
108; 57
108; 81
108; 97
107; 103
107; 90
108; 74
108; 58
106; 43
108; 32
106; 13
107; 9
107; 6
107; 6
107; 6
107; 6
106; 7
107; 12
107; 20
107; 20
107; 22
107; 17
107; 18
107; 13
107; 17
107; 10
106; 12
107; 11
106; 11
106; 16
107; 14
106; 12
105; 13
106; 15
106; 15
106; 14
107; 13
106; 15
106; 26
107; 20
105; 18
107; 17
106; 19
105; 24
106; 23
106; 17
105; 23
106; 22
106; 30
107; 41
106; 73
106; 60
106; 94
107; 118
106; 129
105; 128
106; 109
107; 88
106; 73
106; 57
105; 40
106; 31
106; 25
104; 23
106; 20
105; 20
106; 20
106; 18
106; 24
106; 32
105; 28
106; 17
104; 21
106; 19
105; 16
105; 9
105; 6
105; 6
105; 10
105; 12
106; 7
103; 6
106; 6
105; 6
105; 6
105; 6
105; 6
105; 6
104; 6
106; 6
105; 6
105; 8
105; 8
105; 9
105; 10
105; 10
104; 10
104; 11
105; 12
105; 19
105; 30
105; 23
103; 45
106; 71
105; 94
105; 110
105; 121
105; 124
105; 115
104; 101
105; 81
105; 62
105; 47
104; 36
104; 27
104; 19
105; 12
105; 7
103; 9
104; 12
104; 15
104; 15
104; 13
104; 15
105; 15
103; 8
104; 6
104; 6
104; 6
104; 6
103; 6
103; 6
104; 6
103; 6
104; 6
103; 6
104; 6
103; 6
103; 6
104; 6
103; 6
102; 7
104; 8
103; 9
103; 9
103; 10
103; 10
103; 11
103; 11
102; 12
104; 12
102; 13
103; 13
103; 14
103; 17
103; 16
103; 22
103; 41
104; 72
104; 92
103; 106
103; 109
103; 103
104; 97
102; 80
103; 59
103; 37
103; 14
103; 10
103; 20
103; 10
103; 12
101; 8
103; 11
102; 13
103; 13
103; 8
103; 6
102; 6
103; 6
102; 6
103; 6
101; 6
103; 6
103; 6
102; 8
103; 8
102; 9
102; 10
102; 11
102; 11
103; 10
102; 15
102; 12
102; 19
101; 17
102; 19
102; 22
102; 26
102; 28
102; 27
102; 26
102; 27
101; 31
102; 31
100; 28
102; 31
102; 39
102; 54
102; 71
102; 103
102; 89
101; 130
102; 124
102; 119
102; 105
102; 83
102; 65
102; 53
100; 36
102; 25
101; 20
102; 23
102; 25
101; 28
102; 29
101; 28
100; 29
102; 34
101; 29
101; 21
101; 15
101; 15
102; 17
100; 8
101; 14
102; 9
101; 11
101; 13
101; 12
101; 6
102; 7
100; 13
101; 20
101; 15
101; 8
101; 9
101; 9
101; 11
101; 9
99; 13
101; 15
101; 19
101; 26
101; 36
101; 34
101; 26
101; 25
99; 29
100; 44
101; 36
100; 76
101; 109
101; 51
102; 131
101; 138
100; 133
101; 108
102; 123
101; 74
101; 92
101; 57
101; 40
101; 28
100; 20
99; 6
101; 12
101; 6
100; 8
100; 9
100; 6
100; 6
100; 6
100; 6
100; 6
100; 6
100; 6
100; 6
100; 6
98; 6
100; 6
100; 6
100; 6
99; 6
100; 6
99; 6
100; 6
100; 6
100; 6
99; 6
100; 6
99; 6
100; 6
99; 6
99; 6
99; 6
100; 6
100; 11
99; 6
99; 13
100; 9
99; 10
98; 16
99; 11
100; 57
100; 25
99; 36
100; 82
100; 113
100; 134
99; 120
100; 111
99; 132
99; 83
100; 101
99; 60
99; 36
99; 24
98; 6
99; 28
97; 6
99; 15
100; 6
99; 6
99; 6
99; 6
99; 6
99; 6
98; 6
99; 6
99; 6
98; 6
98; 6
99; 6
98; 6
99; 6
98; 6
99; 6
98; 6
98; 6
98; 6
98; 6
99; 6
98; 6
97; 6
98; 6
98; 7
98; 9
98; 8
98; 10
98; 11
97; 9
98; 11
98; 11
98; 12
98; 13
98; 12
96; 20
99; 40
98; 62
97; 86
99; 114
98; 133
99; 139
98; 133
97; 115
99; 94
98; 74
98; 65
98; 51
98; 39
98; 29
97; 26
97; 29
98; 32
98; 31
97; 32
98; 32
98; 33
98; 32
98; 26
96; 27
97; 26
98; 27
97; 26
97; 23
97; 21
98; 29
97; 45
97; 36
98; 47
97; 46
98; 49
97; 56
97; 57
98; 57
96; 54
98; 58
98; 57
97; 52
97; 47
97; 46
98; 45
98; 46
96; 46
98; 45
97; 48
98; 58
97; 81
98; 104
98; 128
98; 150
98; 165
97; 166
97; 158
98; 134
98; 113
97; 97
98; 88
96; 53
98; 37
97; 73
97; 21
97; 16
97; 8
97; 6
97; 6
97; 6
97; 6
97; 6
96; 6
97; 6
96; 6
97; 6
97; 6
96; 6
97; 6
96; 6
97; 6
96; 6
96; 6
96; 6
96; 6
96; 6
97; 6
95; 6
96; 6
97; 6
96; 6
96; 6
96; 6
96; 6
96; 6
95; 6
96; 6
95; 6
95; 6
96; 6
96; 6
96; 6
97; 21
96; 83
96; 46
96; 112
96; 119
96; 111
95; 99
97; 91
96; 67
96; 53
95; 81
96; 35
96; 23
94; 18
95; 7
95; 6
95; 6
95; 6
95; 6
95; 6
95; 6
95; 6
95; 6
95; 6
95; 6
95; 6
95; 6
95; 6
95; 6
95; 6
94; 6
95; 6
95; 6
95; 6
95; 6
95; 6
95; 6
94; 6
94; 6
95; 6
94; 6
94; 6
95; 6
94; 7
94; 8
94; 6
94; 8
94; 9
94; 10
94; 21
94; 37
95; 57
95; 86
95; 121
95; 146
95; 154
95; 146
95; 135
95; 129
95; 114
94; 97
94; 78
94; 66
95; 57
94; 48
94; 34
94; 25
95; 24
94; 30
93; 25
93; 6
95; 14
93; 9
94; 11
94; 6
94; 6
94; 6
94; 6
94; 6
92; 6
94; 6
94; 6
94; 6
92; 15
94; 11
94; 9
94; 8
94; 13
94; 14
94; 12
94; 9
93; 10
94; 16
94; 20
93; 15
94; 12
94; 14
93; 15
94; 16
93; 17
92; 17
93; 35
94; 20
94; 60
94; 86
94; 137
94; 113
93; 160
94; 171
95; 165
94; 153
94; 144
94; 133
94; 123
94; 116
94; 104
92; 87
94; 72
93; 66
93; 52
93; 38
93; 29
94; 26
93; 22
92; 11
92; 6
93; 6
94; 6
92; 6
93; 6
93; 6
92; 6
93; 6
92; 6
91; 6
93; 6
93; 6
92; 6
93; 6
92; 6
92; 6
92; 6
93; 6
93; 6
93; 6
92; 6
92; 6
92; 6
93; 6
91; 6
92; 6
92; 6
92; 6
92; 6
92; 6
92; 6
92; 6
92; 7
93; 30
92; 58
92; 91
93; 119
92; 132
93; 137
93; 134
92; 118
93; 126
93; 115
92; 112
93; 96
91; 72
92; 59
92; 54
93; 45
92; 33
92; 24
92; 27
92; 20
90; 12
92; 6
91; 6
92; 6
92; 6
91; 6
92; 6
91; 6
92; 6
92; 6
90; 6
92; 6
90; 6
91; 6
91; 6
91; 6
92; 6
91; 6
90; 6
92; 6
91; 6
91; 6
91; 6
91; 6
92; 8
91; 14
91; 21
91; 21
91; 18
91; 32
91; 56
90; 74
92; 117
92; 141
91; 94
92; 161
92; 154
92; 160
91; 140
92; 150
92; 128
92; 116
91; 103
91; 81
91; 67
91; 63
91; 57
90; 44
91; 32
91; 32
91; 29
91; 27
90; 13
91; 7
91; 7
89; 6
91; 6
91; 6
91; 6
90; 6
91; 6
91; 6
91; 6
91; 6
91; 6
91; 6
91; 6
90; 6
90; 6
90; 6
91; 6
91; 6
90; 6
91; 6
89; 6
91; 6
90; 6
90; 6
90; 6
91; 6
89; 9
90; 21
90; 11
90; 48
91; 82
91; 120
90; 141
90; 155
91; 158
91; 158
91; 158
91; 153
91; 141
90; 121
90; 106
91; 96
90; 73
89; 49
90; 31
90; 26
91; 18
89; 8
91; 6
89; 6
89; 6
91; 6
90; 6
90; 6
89; 6
90; 6
90; 6
88; 6
89; 6
89; 6
89; 6
90; 6
89; 6
89; 6
89; 6
89; 6
88; 6
88; 6
89; 6
89; 6
89; 6
89; 6
89; 6
88; 6
88; 6
89; 6
89; 6
88; 6
88; 6
89; 6
89; 6
87; 6
89; 6
89; 28
89; 63
90; 94
89; 115
88; 119
90; 112
89; 106
89; 101
89; 96
89; 89
89; 75
89; 49
88; 61
89; 40
89; 25
89; 14
89; 32
89; 21
88; 18
87; 17
89; 10
87; 6
88; 6
89; 6
88; 6
88; 6
88; 6
88; 6
88; 6
89; 6
88; 6
89; 13
88; 6
87; 13
88; 6
87; 8
88; 6
88; 17
88; 9
87; 19
88; 17
88; 12
87; 14
88; 18
88; 19
88; 20
88; 29
88; 45
88; 76
89; 111
87; 142
89; 158
89; 170
89; 175
88; 172
88; 161
89; 160
89; 163
87; 158
88; 127
89; 142
88; 110
88; 90
88; 76
89; 60
87; 35
87; 47
89; 21
88; 10
88; 6
87; 6
88; 6
88; 6
87; 6
88; 6
87; 6
87; 6
87; 6
88; 6
87; 6
87; 6
87; 6
87; 6
88; 6
86; 6
87; 6
87; 6
87; 6
87; 6
87; 6
87; 6
87; 6
85; 6
87; 6
87; 6
87; 6
87; 6
87; 6
87; 6
87; 21
87; 43
87; 77
88; 117
88; 147
88; 158
86; 155
88; 153
88; 148
87; 144
87; 129
88; 91
87; 109
87; 85
86; 79
88; 62
87; 42
87; 27
87; 19
87; 13
87; 8
87; 6
87; 6
87; 6
87; 6
85; 6
86; 6
86; 6
86; 6
86; 6
87; 6
85; 6
84; 6
87; 6
86; 6
86; 6
86; 6
86; 6
86; 6
85; 6
85; 6
86; 6
86; 6
86; 6
85; 6
86; 6
85; 6
84; 6
86; 6
85; 6
85; 6
85; 6
85; 6
86; 6
85; 6
84; 6
86; 37
86; 74
86; 104
86; 130
86; 141
86; 135
86; 141
86; 130
86; 123
86; 111
86; 101
85; 89
84; 77
86; 62
86; 54
85; 54
86; 50
85; 43
86; 45
85; 41
86; 35
85; 27
84; 19
85; 9
85; 16
85; 6
85; 6
85; 6
85; 6
85; 6
84; 6
85; 6
86; 6
85; 6
85; 6
85; 6
85; 6
85; 9
85; 6
85; 6
85; 6
85; 6
85; 6
84; 8
84; 8
85; 15
85; 56
85; 32
85; 86
86; 117
84; 155
86; 141
86; 161
86; 166
86; 163
85; 156
85; 144
86; 123
86; 112
86; 100
85; 84
85; 65
84; 53
85; 48
85; 43
85; 38
85; 30
83; 22
86; 15
84; 7
85; 6
84; 6
85; 6
84; 6
85; 6
84; 6
84; 6
85; 6
83; 6
84; 6
84; 6
84; 6
84; 6
85; 6
84; 6
83; 6
85; 6
84; 6
84; 6
84; 6
84; 6
84; 6
83; 6
84; 6
84; 6
84; 6
84; 6
84; 6
83; 21
85; 53
84; 86
84; 134
85; 116
85; 146
85; 144
84; 138
84; 132
85; 128
84; 122
84; 109
84; 88
84; 67
84; 56
84; 48
82; 38
84; 29
83; 21
85; 16
84; 12
83; 9
83; 6
83; 6
84; 6
83; 6
82; 6
84; 6
82; 6
83; 6
83; 6
83; 6
83; 6
82; 6
83; 6
83; 6
82; 6
82; 6
83; 6
83; 6
82; 6
81; 6
82; 6
83; 6
82; 6
83; 6
82; 6
82; 6
82; 6
81; 6
81; 6
82; 6
82; 6
82; 14
82; 52
83; 122
82; 94
83; 135
83; 146
83; 147
83; 150
83; 142
83; 136
83; 123
83; 109
83; 105
83; 99
82; 84
82; 72
83; 71
82; 74
82; 64
82; 52
82; 42
82; 36
82; 28
82; 10
82; 6
82; 6
82; 6
81; 6
82; 6
82; 6
82; 6
82; 6
82; 6
82; 6
80; 6
82; 6
82; 6
81; 6
82; 6
81; 6
82; 6
82; 6
80; 6
81; 6
82; 6
82; 6
81; 6
82; 25
81; 37
82; 53
82; 79
82; 104
82; 134
82; 163
82; 180
83; 181
82; 178
82; 175
83; 163
82; 139
82; 122
82; 115
82; 108
82; 100
81; 95
81; 94
81; 95
82; 97
82; 88
82; 78
82; 70
82; 57
80; 51
82; 37
81; 21
82; 8
82; 6
82; 6
81; 6
81; 6
80; 6
82; 6
81; 6
81; 6
81; 6
81; 6
81; 6
81; 6
81; 6
79; 6
81; 6
82; 6
80; 6
81; 6
81; 6
81; 6
81; 6
81; 6
82; 48
81; 104
82; 87
81; 119
82; 136
80; 146
82; 150
81; 149
82; 146
82; 150
82; 150
82; 139
82; 143
80; 137
82; 131
81; 112
81; 98
82; 89
81; 84
82; 79
81; 70
80; 48
82; 29
81; 14
82; 6
80; 6
81; 6
81; 6
81; 6
81; 6
80; 6
79; 6
81; 6
80; 6
80; 6
80; 6
80; 6
80; 6
79; 6
80; 6
80; 6
80; 6
80; 6
80; 6
80; 6
80; 6
80; 6
80; 6
80; 6
80; 6
80; 17
80; 53
80; 82
80; 104
80; 114
80; 116
80; 108
81; 100
81; 86
80; 93
80; 70
80; 51
80; 57
80; 44
80; 38
80; 30
79; 23
80; 20
80; 23
80; 32
80; 34
80; 26
79; 18
79; 15
79; 18
79; 7
79; 6
79; 6
79; 6
80; 6
79; 6
79; 6
79; 6
79; 6
79; 6
79; 6
79; 6
79; 6
79; 6
79; 6
79; 6
79; 6
79; 6
78; 6
80; 6
79; 6
79; 6
79; 27
80; 67
79; 104
81; 130
79; 154
79; 147
78; 151
80; 148
80; 143
79; 129
80; 112
80; 100
79; 94
79; 85
79; 76
79; 69
80; 61
78; 60
80; 54
79; 57
79; 34
79; 47
79; 32
79; 28
79; 31
78; 15
79; 6
78; 6
79; 6
79; 6
79; 6
79; 6
78; 6
79; 6
79; 6
77; 6
79; 6
78; 6
78; 6
78; 6
78; 6
78; 6
79; 6
77; 6
78; 6
79; 6
78; 6
78; 6
78; 6
78; 6
78; 6
77; 6
79; 30
79; 70
79; 107
79; 132
78; 154
79; 169
79; 169
79; 165
79; 159
79; 152
79; 144
79; 131
78; 120
79; 111
79; 96
79; 87
79; 75
78; 65
79; 54
77; 51
78; 57
79; 43
78; 34
78; 25
78; 16
78; 8
78; 6
78; 6
78; 6
78; 6
78; 6
78; 6
77; 6
78; 6
78; 6
78; 6
77; 6
77; 6
76; 6
78; 6
77; 6
77; 6
77; 6
77; 6
78; 6
77; 6
76; 6
77; 6
78; 6
77; 6
77; 6
77; 6
77; 6
77; 6
76; 6
77; 6
78; 6
77; 6
77; 49
76; 84
78; 111
77; 125
77; 131
77; 130
78; 128
78; 120
77; 111
76; 101
78; 93
77; 87
77; 82
77; 78
78; 66
77; 72
77; 67
76; 66
77; 61
77; 64
77; 58
77; 51
77; 47
77; 43
76; 30
78; 23
76; 16
77; 15
77; 7
76; 6
77; 6
77; 6
77; 6
76; 6
75; 6
75; 6
77; 6
76; 6
76; 6
76; 6
76; 6
77; 6
76; 6
77; 6
75; 6
76; 6
76; 6
76; 6
76; 6
77; 6
76; 23
77; 55
77; 129
77; 95
77; 149
76; 160
76; 164
78; 165
76; 159
77; 144
77; 131
77; 119
77; 116
76; 108
76; 96
77; 85
76; 78
77; 73
76; 70
76; 65
77; 55
75; 49
76; 42
76; 47
76; 18
76; 8
76; 33
76; 6
76; 6
76; 6
76; 6
75; 6
76; 6
76; 6
75; 6
75; 6
76; 6
76; 6
76; 6
76; 6
74; 6
75; 6
75; 6
75; 6
75; 6
75; 6
74; 6
75; 6
76; 6
75; 6
75; 6
75; 6
75; 6
76; 6
75; 29
74; 6
75; 6
76; 72
76; 112
76; 133
76; 158
75; 170
74; 147
76; 166
76; 150
77; 140
76; 133
75; 123
75; 116
77; 103
75; 89
76; 77
76; 71
76; 67
75; 53
75; 61
74; 55
76; 60
76; 32
75; 51
75; 21
75; 18
75; 10
75; 6
75; 6
75; 6
73; 6
75; 6
74; 6
74; 6
75; 6
74; 6
75; 6
75; 6
73; 6
74; 6
75; 6
74; 6
74; 6
74; 6
75; 6
74; 6
72; 6
75; 6
74; 6
74; 6
74; 6
74; 6
75; 6
73; 6
74; 6
75; 6
74; 28
75; 67
75; 100
74; 131
76; 161
75; 176
75; 180
75; 171
75; 163
76; 153
75; 144
74; 126
75; 105
75; 89
74; 67
74; 52
75; 80
75; 41
74; 41
75; 46
75; 44
74; 39
74; 34
74; 26
74; 17
74; 9
74; 6
74; 6
73; 6
74; 6
75; 6
74; 6
74; 6
73; 6
74; 6
74; 6
72; 6
74; 6
74; 6
74; 6
74; 6
73; 6
74; 6
73; 6
72; 6
74; 6
73; 6
73; 6
74; 6
73; 33
74; 66
74; 88
74; 99
74; 113
74; 123
73; 134
74; 136
73; 136
73; 134
75; 126
74; 121
74; 111
74; 99
74; 92
74; 89
73; 84
74; 75
75; 67
74; 66
74; 62
73; 57
73; 43
74; 31
73; 21
73; 9
72; 6
74; 6
72; 6
73; 6
73; 6
73; 6
73; 6
72; 6
72; 6
72; 6
71; 6
72; 6
72; 6
72; 6
72; 6
72; 6
71; 6
72; 6
73; 6
72; 6
72; 6
72; 6
72; 6
72; 6
71; 6
73; 6
73; 51
73; 93
72; 10
72; 128
74; 150
74; 158
73; 161
73; 166
73; 170
73; 161
73; 147
73; 121
72; 133
72; 107
73; 95
73; 79
73; 66
73; 51
72; 48
71; 45
73; 35
72; 27
72; 21
72; 18
72; 19
73; 9
72; 6
73; 6
72; 6
71; 6
72; 6
71; 6
72; 6
72; 6
72; 6
72; 6
71; 6
71; 6
72; 6
71; 6
71; 6
71; 6
71; 6
71; 6
71; 6
70; 6
71; 6
70; 6
71; 6
71; 6
71; 6
71; 6
71; 6
70; 6
72; 6
72; 75
71; 44
72; 101
70; 118
72; 131
71; 130
71; 123
71; 116
72; 114
72; 112
70; 80
71; 96
71; 73
71; 75
71; 75
71; 69
71; 65
72; 64
72; 66
71; 68
71; 47
72; 58
71; 42
71; 40
71; 33
71; 24
70; 16
70; 9
71; 6
71; 6
70; 6
70; 6
71; 6
71; 6
71; 6
71; 6
70; 6
70; 6
71; 6
71; 6
70; 6
70; 6
70; 6
71; 6
69; 6
70; 6
70; 6
70; 6
70; 6
70; 6
71; 19
72; 57
71; 123
71; 93
71; 143
71; 153
72; 156
70; 162
71; 162
71; 152
71; 142
71; 133
71; 124
71; 114
71; 109
70; 96
71; 91
70; 88
71; 84
71; 80
71; 77
71; 75
71; 72
69; 69
71; 67
70; 53
70; 36
70; 25
71; 20
71; 17
70; 8
70; 6
71; 6
70; 6
69; 6
71; 6
70; 6
70; 6
70; 6
70; 6
70; 6
69; 6
70; 6
69; 6
70; 6
70; 6
70; 6
70; 6
70; 6
68; 6
70; 6
69; 6
70; 6
70; 6
70; 6
70; 22
71; 64
70; 98
70; 122
70; 141
71; 146
71; 149
69; 140
70; 130
70; 130
70; 122
70; 108
70; 96
70; 91
71; 84
69; 69
71; 52
70; 48
70; 50
70; 51
70; 46
70; 40
70; 30
68; 22
71; 18
69; 11
69; 6
69; 6
69; 6
69; 6
69; 6
69; 6
70; 6
68; 6
70; 6
68; 6
69; 6
69; 6
69; 6
69; 6
68; 6
67; 6
70; 6
69; 6
68; 6
68; 6
69; 6
69; 6
67; 6
68; 6
69; 6
68; 6
68; 6
69; 6
69; 6
70; 14
69; 52
69; 113
69; 87
69; 123
70; 127
68; 128
69; 126
70; 122
69; 111
69; 104
69; 99
69; 88
69; 74
68; 72
69; 67
69; 63
69; 58
69; 60
69; 60
69; 53
69; 51
69; 49
68; 50
69; 45
69; 28
68; 36
69; 21
68; 17
69; 12
67; 9
69; 6
68; 6
67; 6
69; 6
68; 6
68; 6
68; 6
69; 6
68; 6
67; 6
68; 6
69; 6
68; 6
68; 6
68; 6
68; 6
66; 6
68; 6
68; 6
67; 6
68; 6
68; 39
68; 6
67; 81
69; 113
68; 130
68; 137
68; 145
68; 150
69; 145
67; 132
69; 119
69; 116
68; 113
68; 100
68; 87
68; 74
67; 68
68; 68
68; 66
68; 63
68; 60
68; 56
68; 50
68; 48
66; 32
68; 40
68; 25
67; 19
68; 11
68; 6
68; 6
68; 6
67; 6
68; 6
68; 6
68; 6
68; 6
66; 6
67; 6
67; 6
68; 6
68; 6
67; 6
66; 6
68; 6
67; 6
67; 6
67; 6
67; 6
67; 6
65; 6
67; 6
66; 6
67; 6
67; 6
67; 6
67; 6
67; 31
67; 66
67; 104
68; 132
68; 151
68; 158
67; 158
67; 158
68; 152
68; 145
67; 136
67; 127
68; 117
67; 108
67; 86
67; 74
67; 96
67; 66
67; 61
67; 60
67; 59
67; 54
67; 47
67; 39
67; 32
67; 25
67; 17
67; 12
67; 6
67; 6
67; 6
67; 6
67; 6
66; 6
67; 6
66; 6
66; 6
66; 6
66; 6
66; 6
67; 6
66; 6
66; 6
66; 6
66; 6
66; 6
67; 6
66; 6
65; 6
65; 6
67; 6
66; 6
66; 6
65; 6
66; 6
66; 6
64; 6
66; 14
66; 50
67; 113
66; 85
66; 128
65; 133
67; 133
66; 135
66; 138
66; 129
66; 117
66; 107
65; 103
66; 101
66; 93
66; 83
66; 81
66; 83
66; 82
66; 78
65; 72
67; 65
67; 66
66; 61
66; 53
66; 46
66; 41
66; 36
65; 30
67; 25
65; 14
66; 6
66; 6
66; 6
66; 6
66; 6
66; 6
66; 6
66; 6
65; 6
66; 6
65; 6
66; 6
65; 6
65; 6
66; 6
64; 6
65; 6
65; 6
65; 6
66; 33
65; 6
65; 62
67; 92
65; 112
66; 123
66; 126
66; 123
66; 122
65; 121
66; 111
66; 103
66; 98
65; 96
66; 88
66; 80
66; 77
66; 72
66; 71
65; 73
66; 67
66; 56
66; 51
66; 46
66; 51
64; 34
66; 25
65; 20
65; 15
65; 7
65; 6
65; 6
65; 6
65; 6
65; 6
63; 6
65; 6
65; 6
65; 6
65; 6
65; 6
65; 6
65; 6
64; 6
65; 6
64; 6
65; 6
64; 6
65; 6
65; 6
64; 6
65; 6
65; 6
63; 6
65; 14
65; 45
64; 73
66; 97
65; 117
65; 124
65; 121
65; 118
65; 112
66; 116
66; 105
64; 93
65; 85
65; 77
65; 72
65; 66
66; 58
65; 52
65; 52
66; 48
65; 45
65; 40
65; 33
65; 22
65; 16
63; 9
64; 6
64; 6
63; 6
65; 6
65; 6
64; 6
64; 6
64; 6
65; 6
64; 6
62; 6
65; 6
63; 6
64; 6
64; 6
64; 6
64; 6
63; 6
63; 6
63; 6
64; 6
65; 6
64; 6
63; 6
63; 6
63; 6
63; 6
64; 6
63; 6
64; 21
62; 52
64; 6
65; 77
63; 96
64; 111
64; 118
64; 117
64; 111
63; 109
63; 106
65; 100
64; 90
64; 88
64; 87
64; 87
64; 82
63; 79
64; 79
64; 78
64; 78
64; 74
64; 63
64; 68
64; 60
62; 53
63; 45
64; 49
63; 35
63; 29
64; 28
64; 26
62; 16
64; 21
64; 13
63; 6
64; 6
63; 6
63; 6
63; 6
63; 6
63; 6
63; 6
61; 6
63; 6
63; 6
63; 6
63; 6
63; 6
63; 6
63; 26
63; 49
63; 6
64; 71
64; 93
64; 107
62; 115
64; 120
63; 118
64; 114
63; 113
63; 110
64; 101
62; 85
63; 92
64; 81
63; 70
63; 66
63; 64
63; 63
63; 63
63; 60
63; 49
63; 45
62; 45
63; 42
63; 20
63; 29
63; 14
63; 12
63; 10
63; 6
62; 6
63; 6
62; 6
63; 6
63; 6
62; 6
63; 6
63; 6
61; 6
63; 6
61; 6
62; 6
62; 6
62; 6
63; 6
62; 6
61; 6
63; 6
61; 6
62; 6
62; 18
62; 6
62; 6
62; 45
63; 66
63; 81
63; 100
63; 90
62; 110
61; 103
63; 89
62; 88
63; 93
63; 88
63; 79
63; 75
62; 70
62; 64
63; 63
62; 64
62; 55
62; 61
63; 60
61; 57
62; 54
62; 48
61; 40
62; 38
62; 36
62; 31
62; 24
62; 20
61; 18
63; 19
62; 17
62; 13
63; 6
62; 6
62; 6
62; 6
62; 6
62; 6
62; 6
62; 6
62; 6
62; 6
62; 6
62; 6
62; 6
62; 6
62; 6
60; 6
61; 6
62; 6
61; 24
62; 6
62; 40
63; 64
62; 87
62; 98
63; 100
62; 101
63; 103
62; 99
61; 97
63; 91
62; 82
61; 84
62; 78
62; 71
62; 73
61; 66
61; 61
63; 60
61; 56
62; 51
62; 44
62; 40
62; 38
61; 33
62; 26
63; 19
62; 12
62; 11
61; 6
61; 6
62; 6
62; 6
62; 6
62; 6
61; 6
61; 6
61; 6
61; 6
61; 6
61; 6
62; 6
60; 6
61; 6
61; 6
61; 6
61; 6
61; 6
61; 6
61; 6
60; 6
61; 6
61; 26
61; 50
62; 73
62; 84
62; 91
61; 80
62; 98
61; 97
61; 88
61; 92
62; 84
62; 84
62; 78
62; 83
61; 71
61; 70
61; 66
62; 62
61; 56
61; 58
62; 55
61; 51
61; 43
61; 37
61; 32
61; 25
61; 19
61; 16
62; 8
60; 6
62; 6
60; 6
61; 6
61; 6
61; 6
61; 6
60; 6
60; 6
62; 6
61; 6
60; 6
61; 6
61; 6
61; 6
59; 6
60; 6
61; 6
61; 6
60; 6
60; 6
60; 6
61; 6
60; 6
59; 6
61; 6
59; 6
61; 53
60; 30
59; 63
61; 73
61; 81
61; 90
61; 96
60; 88
61; 82
61; 79
59; 77
61; 69
61; 75
60; 62
60; 56
61; 53
61; 49
60; 47
60; 40
60; 37
59; 43
60; 33
60; 27
60; 15
60; 23
61; 17
60; 8
60; 6
59; 6
61; 6
60; 6
60; 6
59; 6
60; 6
60; 6
60; 6
59; 6
60; 6
60; 6
59; 6
60; 6
60; 6
60; 6
59; 6
60; 6
60; 6
59; 6
59; 6
59; 6
59; 6
60; 6
58; 6
59; 6
58; 6
59; 6
59; 33
59; 69
59; 54
60; 81
60; 111
60; 99
60; 115
60; 118
60; 124
60; 113
59; 122
59; 106
60; 98
60; 98
59; 88
60; 81
60; 83
58; 85
60; 79
59; 72
60; 70
60; 68
59; 62
60; 55
59; 49
59; 41
58; 45
59; 32
59; 22
59; 18
59; 16
59; 16
60; 13
60; 11
60; 9
59; 8
60; 6
58; 7
59; 6
59; 6
59; 6
59; 6
58; 6
59; 6
57; 6
59; 6
59; 6
59; 6
59; 6
59; 6
59; 6
57; 6
57; 6
58; 6
59; 12
59; 35
60; 63
59; 84
59; 93
59; 97
59; 110
59; 107
59; 105
59; 99
59; 93
59; 93
59; 93
59; 89
59; 76
59; 68
59; 70
59; 73
59; 68
60; 64
58; 59
59; 59
59; 60
59; 51
59; 44
58; 37
58; 31
59; 25
59; 18
58; 19
59; 17
59; 13
59; 6
58; 6
58; 6
58; 6
57; 6
59; 6
59; 6
58; 6
58; 6
58; 6
57; 6
58; 6
58; 6
59; 6
59; 6
58; 6
58; 6
58; 6
58; 6
56; 6
58; 6
58; 6
57; 6
58; 6
58; 18
58; 40
58; 60
58; 75
58; 84
58; 90
58; 92
59; 94
57; 88
58; 80
59; 77
58; 74
58; 78
58; 55
59; 52
58; 66
59; 53
58; 44
58; 39
57; 50
58; 40
59; 37
58; 44
58; 27
57; 19
58; 13
56; 14
58; 7
58; 6
57; 6
57; 6
58; 6
58; 6
57; 6
58; 6
58; 6
56; 6
57; 6
57; 6
57; 6
58; 6
58; 6
57; 6
58; 6
57; 6
57; 6
56; 6
57; 6
57; 6
57; 6
57; 6
58; 6
57; 6
57; 17
57; 34
56; 54
57; 77
58; 92
57; 97
57; 96
57; 98
57; 102
57; 98
56; 91
57; 84
58; 85
57; 85
58; 82
57; 78
57; 72
57; 73
56; 77
58; 75
57; 70
58; 66
57; 62
57; 61
57; 53
57; 43
56; 37
58; 37
57; 33
56; 25
57; 16
57; 12
58; 9
57; 8
56; 9
58; 8
55; 6
56; 6
57; 6
57; 6
57; 6
57; 6
57; 6
55; 6
57; 6
56; 6
56; 6
56; 6
57; 6
57; 6
56; 6
57; 6
57; 11
56; 6
57; 28
57; 47
57; 65
57; 81
57; 96
57; 107
57; 104
57; 103
57; 100
57; 96
57; 93
57; 86
57; 89
57; 83
57; 80
57; 75
57; 64
57; 70
57; 57
57; 61
56; 61
57; 52
57; 45
56; 43
57; 43
57; 40
56; 29
57; 19
56; 16
56; 12
56; 6
56; 8
56; 6
56; 6
56; 6
56; 6
56; 6
56; 6
56; 6
56; 6
56; 6
56; 6
56; 6
56; 6
56; 6
56; 6
56; 6
56; 6
56; 6
56; 6
55; 6
56; 6
56; 6
55; 6
55; 6
54; 13
57; 32
55; 6
56; 51
56; 64
56; 70
56; 72
56; 73
55; 71
56; 70
56; 64
57; 66
56; 63
56; 56
56; 55
56; 53
55; 50
56; 47
56; 45
56; 48
56; 46
55; 43
56; 40
56; 36
56; 34
56; 32
56; 31
56; 26
55; 22
55; 21
56; 22
55; 23
56; 20
56; 19
55; 27
55; 27
55; 18
55; 10
55; 7
55; 9
56; 10
55; 6
55; 6
56; 6
55; 6
55; 6
55; 6
55; 6
55; 6
55; 6
55; 6
55; 6
55; 19
55; 31
56; 49
55; 64
56; 75
54; 79
55; 83
56; 89
55; 94
55; 88
55; 80
55; 80
55; 83
54; 81
54; 62
55; 71
56; 59
55; 65
55; 68
55; 64
55; 56
54; 53
55; 57
56; 58
55; 48
55; 38
55; 36
56; 34
55; 34
54; 28
56; 21
55; 16
56; 18
55; 19
55; 15
56; 7
55; 6
55; 6
56; 8
55; 6
55; 6
54; 6
56; 6
54; 6
55; 6
55; 6
54; 6
54; 6
54; 6
54; 6
54; 6
54; 6
54; 6
55; 6
54; 14
55; 31
55; 77
55; 54
55; 91
55; 100
54; 106
55; 101
56; 106
55; 105
55; 98
55; 97
55; 91
55; 85
54; 88
56; 74
55; 67
55; 64
55; 63
55; 60
55; 55
53; 46
55; 43
55; 40
54; 26
54; 24
55; 35
54; 20
55; 14
54; 12
54; 6
54; 6
53; 6
55; 6
54; 6
54; 6
54; 6
54; 6
54; 6
53; 6
54; 6
53; 6
54; 6
53; 6
54; 6
54; 6
54; 6
53; 6
54; 6
54; 6
53; 6
55; 6
53; 6
54; 6
54; 6
53; 6
54; 11
54; 33
54; 53
54; 66
52; 74
53; 70
55; 77
54; 80
54; 78
53; 71
54; 66
54; 67
53; 72
53; 74
55; 68
54; 66
54; 63
54; 65
54; 63
54; 62
53; 57
54; 54
54; 52
54; 52
54; 45
54; 39
54; 36
54; 33
52; 29
54; 25
54; 12
53; 19
54; 13
54; 19
53; 17
53; 10
52; 6
52; 6
53; 12
53; 12
53; 6
53; 6
53; 6
53; 10
53; 14
53; 6
52; 6
54; 6
53; 7
53; 14
54; 19
52; 29
54; 49
53; 69
53; 84
53; 89
54; 93
54; 96
53; 97
54; 76
52; 86
53; 71
53; 74
53; 71
53; 64
53; 56
54; 53
53; 51
53; 55
54; 53
54; 51
53; 47
53; 42
54; 41
54; 33
53; 26
53; 22
53; 19
53; 14
53; 10
53; 6
53; 6
53; 6
53; 6
53; 6
52; 6
53; 6
54; 6
53; 6
53; 6
53; 6
53; 6
53; 6
51; 6
53; 6
52; 6
53; 6
53; 6
53; 6
53; 6
52; 6
53; 6
53; 6
52; 6
53; 6
53; 20
53; 50
52; 35
53; 64
53; 73
53; 81
53; 79
53; 77
53; 81
51; 78
53; 73
52; 72
53; 72
53; 66
53; 59
53; 59
52; 53
52; 55
53; 57
53; 55
53; 45
53; 36
52; 36
51; 24
53; 32
53; 17
53; 15
52; 15
52; 8
52; 6
52; 6
52; 6
52; 6
53; 6
52; 6
52; 6
53; 6
52; 6
52; 6
51; 6
52; 6
52; 6
50; 6
52; 6
51; 6
51; 6
51; 6
51; 6
51; 6
52; 6
51; 6
52; 6
50; 6
51; 6
51; 6
50; 13
52; 34
51; 6
51; 53
52; 70
52; 82
52; 89
52; 94
51; 98
51; 97
53; 96
51; 95
52; 98
52; 98
52; 92
52; 86
51; 88
52; 90
51; 83
52; 87
52; 81
51; 78
52; 78
52; 81
50; 72
52; 60
52; 56
51; 57
52; 58
51; 50
51; 43
52; 44
50; 44
52; 43
51; 43
51; 42
51; 41
52; 40
51; 41
51; 39
52; 38
50; 39
51; 37
51; 35
51; 32
51; 37
52; 47
51; 56
51; 48
52; 68
51; 83
52; 102
52; 94
52; 108
52; 111
50; 107
51; 95
51; 100
52; 94
52; 90
51; 84
52; 81
52; 77
50; 78
52; 82
52; 79
52; 75
52; 72
51; 70
52; 64
51; 59
50; 51
52; 43
51; 38
51; 32
51; 28
51; 26
52; 26
51; 25
51; 22
52; 16
51; 11
51; 10
51; 11
51; 7
51; 6
51; 6
51; 6
52; 6
50; 6
50; 6
52; 6
51; 6
51; 6
51; 6
52; 6
51; 6
49; 6
51; 6
51; 6
51; 16
51; 6
51; 35
50; 51
52; 59
51; 65
51; 68
51; 69
51; 68
52; 63
50; 60
51; 64
51; 75
52; 84
51; 86
51; 82
52; 76
52; 75
50; 69
51; 46
52; 57
51; 32
51; 20
51; 23
51; 16
50; 13
50; 7
51; 6
49; 6
51; 6
52; 6
51; 6
51; 6
51; 6
51; 6
50; 6
49; 6
51; 6
52; 6
50; 6
51; 6
51; 6
51; 6
50; 6
50; 6
51; 6
50; 6
50; 6
50; 6
50; 6
51; 6
49; 6
51; 6
50; 6
50; 6
50; 6
50; 6
50; 6
51; 21
50; 28
50; 30
50; 38
50; 48
51; 52
50; 43
49; 48
51; 45
50; 51
50; 47
50; 42
50; 43
51; 46
49; 48
51; 55
50; 58
50; 55
50; 49
50; 48
50; 50
50; 51
49; 39
51; 34
50; 34
50; 34
50; 30
50; 20
50; 25
49; 25
51; 23
50; 21
50; 17
50; 19
50; 14
50; 17
50; 11
48; 9
50; 10
49; 6
50; 6
50; 6
50; 6
50; 6
50; 22
50; 37
48; 44
50; 49
49; 62
50; 75
50; 85
50; 82
51; 80
49; 74
49; 73
51; 76
50; 70
50; 66
50; 60
50; 48
50; 28
49; 6
50; 6
49; 6
49; 6
48; 14
50; 19
50; 29
48; 40
50; 36
50; 45
49; 44
49; 34
50; 23
49; 19
50; 26
49; 30
48; 26
50; 23
49; 24
49; 17
49; 23
49; 8
49; 6
49; 6
50; 6
49; 6
49; 6
50; 6
49; 6
49; 6
49; 6
49; 6
49; 6
50; 6
48; 6
49; 9
49; 20
50; 34
50; 52
48; 64
50; 65
49; 68
49; 63
49; 77
49; 83
49; 82
48; 77
49; 82
50; 82
49; 90
49; 85
49; 76
49; 70
50; 77
49; 83
49; 80
50; 73
49; 65
49; 60
49; 56
49; 39
49; 18
49; 6
49; 6
48; 6
49; 6
49; 6
50; 6
49; 6
49; 6
49; 6
49; 6
49; 6
48; 6
49; 6
48; 6
48; 6
48; 6
48; 6
48; 6
48; 6
47; 6
48; 6
48; 6
48; 6
48; 6
48; 6
48; 6
49; 6
48; 6
49; 6
48; 6
49; 10
49; 38
47; 62
49; 68
48; 66
48; 64
48; 73
48; 74
48; 64
47; 65
49; 65
48; 63
48; 66
48; 63
48; 67
49; 83
48; 89
49; 78
48; 97
50; 103
48; 104
49; 104
48; 105
49; 105
49; 105
47; 107
49; 109
49; 111
49; 103
49; 114
49; 110
49; 94
49; 88
47; 81
48; 48
49; 66
48; 32
48; 21
48; 6
48; 6
48; 6
48; 6
48; 6
47; 6
48; 6
48; 6
48; 6
49; 23
48; 39
48; 51
49; 58
48; 68
49; 77
48; 71
49; 60
48; 58
47; 59
49; 49
48; 31
48; 15
48; 9
48; 7
48; 9
48; 6
48; 6
48; 6
48; 6
48; 6
48; 38
48; 60
48; 58
48; 46
48; 33
48; 19
48; 13
48; 21
48; 59
48; 40
48; 76
48; 92
48; 66
48; 104
48; 115
49; 126
49; 134
48; 131
49; 139
48; 127
49; 154
49; 158
49; 147
48; 125
49; 94
48; 77
49; 73
49; 74
49; 78
49; 79
49; 80
49; 93
49; 104
49; 107
49; 107
49; 101
49; 85
49; 75
49; 67
49; 57
48; 42
49; 43
49; 57
49; 68
49; 74
49; 69
49; 74
49; 52
49; 35
49; 28
49; 27
47; 27
49; 30
48; 36
49; 44
49; 44
49; 41
49; 35
49; 40
48; 30
50; 20
48; 13
49; 20
50; 16
49; 24
49; 19
48; 15
49; 12
48; 6
47; 6
49; 6
48; 6
48; 6
49; 6
47; 11
49; 19
49; 27
49; 39
49; 35
49; 40
49; 42
49; 37
47; 33
48; 25
50; 26
49; 24
48; 18
48; 12
49; 10
49; 10
49; 6
49; 6
48; 6
48; 6
49; 6
48; 6
48; 6
48; 6
48; 6
49; 6
48; 6
48; 6
48; 6
48; 6
48; 6
48; 6
48; 6
48; 6
46; 6
48; 6
48; 6
47; 6
48; 6
48; 6
48; 6
48; 6
46; 6
48; 6
48; 6
48; 6
47; 6
47; 6
48; 6
47; 6
46; 6
48; 6
47; 6
47; 6
48; 6
46; 16
48; 29
47; 45
48; 58
47; 67
48; 79
48; 75
48; 78
46; 73
48; 69
48; 75
47; 78
47; 69
48; 64
48; 67
47; 65
47; 53
48; 50
48; 48
47; 45
48; 44
48; 29
47; 39
46; 29
47; 29
48; 23
47; 11
48; 6
47; 6
48; 6
47; 6
47; 6
47; 6
46; 6
47; 6
47; 6
47; 6
47; 6
47; 6
47; 6
47; 6
45; 6
47; 6
47; 6
47; 6
47; 6
46; 12
47; 17
48; 23
47; 35
47; 67
47; 53
47; 70
47; 69
47; 72
46; 73
48; 65
47; 56
47; 52
47; 58
47; 57
47; 49
46; 47
46; 42
48; 37
47; 39
47; 45
47; 37
47; 30
47; 26
46; 29
47; 15
46; 23
47; 12
47; 6
46; 6
47; 6
46; 6
46; 6
46; 6
46; 6
46; 6
47; 6
46; 6
46; 6
46; 6
46; 6
47; 6
45; 6
46; 6
46; 6
46; 6
46; 6
46; 6
46; 6
46; 6
44; 6
46; 6
45; 6
46; 6
46; 6
46; 6
45; 14
47; 24
46; 33
46; 49
46; 67
46; 78
46; 83
45; 87
46; 83
47; 92
46; 90
46; 75
46; 73
46; 79
45; 77
46; 81
47; 73
46; 71
46; 68
46; 61
47; 59
45; 63
46; 57
45; 49
47; 44
46; 34
46; 20
46; 25
46; 21
46; 19
45; 7
46; 6
45; 6
44; 6
46; 6
45; 6
46; 6
45; 6
45; 6
45; 6
46; 6
46; 6
44; 6
45; 6
45; 6
45; 6
45; 6
45; 6
45; 6
43; 6
45; 6
45; 6
45; 6
45; 6
46; 6
45; 6
45; 6
45; 6
46; 6
45; 36
45; 25
45; 45
44; 58
46; 70
45; 73
45; 68
45; 58
45; 56
45; 62
45; 66
46; 63
46; 58
45; 61
44; 67
45; 67
45; 67
46; 71
45; 70
45; 65
44; 57
46; 61
45; 51
45; 47
45; 45
45; 43
44; 38
45; 28
45; 20
45; 26
45; 27
44; 12
45; 12
45; 12
45; 16
43; 18
45; 9
44; 6
45; 6
45; 6
45; 8
44; 12
45; 11
45; 11
44; 15
44; 16
44; 19
44; 18
45; 28
45; 44
44; 50
43; 57
44; 68
44; 79
45; 93
45; 92
44; 84
45; 86
45; 83
45; 80
45; 84
45; 95
45; 105
45; 105
46; 108
44; 109
45; 102
44; 84
45; 67
45; 56
45; 53
45; 50
44; 36
43; 22
45; 21
44; 9
43; 6
45; 6
44; 6
44; 6
44; 6
44; 6
45; 6
44; 6
43; 6
45; 6
44; 6
44; 6
44; 6
43; 6
44; 6
42; 6
44; 6
44; 6
44; 12
44; 19
44; 6
45; 28
45; 42
44; 54
44; 55
44; 56
45; 80
44; 68
44; 87
45; 118
45; 98
45; 133
45; 159
45; 145
45; 169
45; 164
45; 155
44; 158
45; 155
45; 156
45; 144
45; 148
45; 138
45; 144
43; 129
45; 122
44; 114
44; 108
45; 102
44; 82
45; 55
43; 22
44; 38
44; 6
43; 6
44; 6
45; 6
44; 6
44; 6
44; 6
44; 6
44; 6
42; 6
44; 6
43; 6
43; 6
43; 6
43; 6
44; 6
43; 6
43; 6
44; 6
43; 6
43; 6
43; 6
43; 6
44; 6
42; 6
43; 6
44; 6
43; 6
43; 6
43; 6
43; 6
43; 6
43; 11
43; 16
43; 18
43; 19
43; 19
42; 16
42; 14
44; 17
43; 23
43; 26
43; 28
43; 29
43; 34
43; 42
42; 44
43; 41
42; 38
43; 39
42; 42
43; 37
43; 31
42; 27
42; 27
43; 26
42; 22
42; 17
43; 13
43; 12
43; 15
42; 13
43; 10
41; 12
42; 14
42; 16
42; 14
42; 15
43; 19
42; 23
41; 23
42; 21
42; 14
42; 10
42; 17
43; 26
43; 30
41; 34
43; 40
42; 52
42; 62
42; 69
42; 72
43; 73
42; 76
43; 76
44; 72
42; 66
42; 65
42; 64
42; 66
42; 57
43; 60
42; 56
43; 61
42; 69
43; 69
42; 63
42; 56
43; 56
41; 53
43; 48
42; 41
42; 38
42; 37
43; 38
43; 35
43; 33
41; 34
43; 33
42; 29
42; 32
42; 26
42; 26
43; 28
42; 28
42; 26
43; 26
42; 24
42; 25
42; 27
42; 22
42; 18
41; 15
42; 16
43; 21
42; 24
42; 23
42; 19
42; 14
42; 14
40; 11
42; 10
42; 18
42; 34
42; 49
42; 64
42; 57
43; 70
42; 75
41; 74
43; 62
42; 53
42; 51
42; 50
42; 45
42; 43
42; 40
42; 40
42; 37
42; 33
42; 29
42; 28
42; 25
42; 28
40; 24
42; 26
41; 24
42; 22
41; 28
42; 34
42; 26
41; 15
40; 10
42; 6
42; 6
42; 6
41; 6
42; 6
41; 6
41; 6
41; 6
39; 6
42; 6
41; 6
40; 6
41; 6
41; 6
41; 6
41; 6
41; 6
42; 6
40; 6
41; 6
41; 6
41; 6
41; 6
41; 6
41; 20
40; 6
41; 43
41; 60
41; 69
41; 71
40; 80
42; 86
41; 80
41; 76
41; 85
41; 78
42; 88
40; 80
40; 70
42; 63
41; 68
41; 70
41; 67
41; 67
41; 65
40; 63
41; 57
41; 58
41; 57
41; 61
41; 51
41; 46
41; 43
39; 40
42; 36
41; 39
41; 44
41; 38
41; 33
41; 29
41; 36
39; 38
42; 34
40; 31
41; 30
