15; 31
12; 24
11; 21
11; 22
11; 24
11; 27
11; 27
11; 25
11; 25
11; 25
11; 28
11; 28
11; 26
11; 25
11; 26
11; 28
11; 29
11; 27
11; 26
11; 26
11; 29
11; 29
11; 26
11; 26
11; 26
11; 29
11; 29
11; 27
11; 26
11; 27
11; 29
11; 29
11; 27
11; 26
11; 27
11; 29
11; 29
11; 27
11; 25
11; 26
11; 29
11; 29
11; 26
11; 26
11; 26
11; 29
11; 28
11; 27
11; 26
11; 26
11; 29
11; 28
12; 27
11; 26
11; 29
11; 27
11; 28
11; 26
11; 26
11; 29
11; 26
11; 28
11; 27
11; 25
11; 26
11; 28
11; 28
11; 27
11; 26
11; 26
11; 29
11; 29
11; 27
11; 25
11; 27
11; 29
11; 28
11; 26
11; 26
11; 26
11; 29
11; 28
11; 26
11; 25
11; 26
11; 28
11; 28
11; 26
11; 26
11; 26
11; 29
11; 28
11; 26
11; 26
11; 26
11; 28
11; 29
11; 27
11; 25
11; 27
11; 29
11; 29
11; 26
11; 25
11; 26
11; 29
11; 28
11; 26
11; 26
11; 26
11; 29
11; 29
11; 27
11; 26
11; 26
11; 28
11; 28
11; 26
11; 26
11; 26
11; 28
11; 28
11; 26
11; 25
11; 26
11; 29
11; 28
11; 26
11; 25
11; 26
11; 28
11; 29
11; 27
11; 26
11; 26
11; 28
11; 29
11; 27
11; 26
11; 26
11; 28
11; 28
11; 26
11; 25
11; 26
11; 29
11; 29
11; 27
11; 26
11; 27
11; 28
11; 28
11; 26
11; 26
11; 26
11; 29
11; 28
11; 27
11; 26
11; 26
11; 28
11; 29
11; 27
11; 26
11; 26
11; 28
11; 28
11; 27
11; 25
11; 26
11; 29
11; 29
11; 27
11; 26
11; 26
11; 28
11; 29
11; 27
11; 26
11; 26
11; 28
11; 29
11; 27
11; 25
11; 26
11; 29
11; 29
11; 27
11; 25
11; 26
11; 28
11; 28
11; 27
11; 25
11; 26
11; 28
11; 29
11; 27
11; 26
11; 26
11; 28
11; 29
11; 27
11; 26
11; 26
11; 28
11; 29
11; 27
11; 26
11; 26
11; 28
11; 29
11; 27
11; 26
11; 26
11; 28
11; 29
11; 27
11; 26
11; 26
11; 28
11; 29
11; 27
11; 26
11; 26
11; 29
11; 28
11; 26
11; 27
11; 26
11; 28
11; 29
11; 27
11; 26
11; 26
11; 28
11; 29
11; 27
11; 25
11; 26
11; 28
11; 29
11; 27
11; 26
11; 26
11; 28
11; 29
11; 27
11; 26
11; 26
11; 29
11; 29
11; 27
11; 25
11; 26
11; 28
11; 29
11; 27
11; 26
11; 26
11; 28
11; 29
11; 27
11; 26
11; 26
11; 28
11; 29
11; 27
11; 25
11; 26
11; 28
11; 29
11; 27
11; 25
11; 26
11; 28
11; 28
11; 27
11; 26
11; 26
11; 28
11; 29
11; 27
11; 26
11; 26
11; 28
11; 29
11; 27
11; 25
11; 26
11; 28
11; 29
11; 27
11; 26
11; 25
11; 28
11; 29
11; 27
11; 26
11; 25
11; 28
11; 29
11; 27
11; 26
11; 26
11; 28
11; 28
11; 27
11; 26
11; 25
11; 28
11; 27
11; 29
11; 26
11; 25
11; 27
11; 29
11; 27
11; 26
11; 25
11; 28
11; 29
11; 28
11; 25
11; 26
11; 28
11; 29
11; 27
11; 25
11; 26
11; 28
11; 29
11; 27
11; 26
11; 25
11; 27
11; 29
11; 27
11; 25
11; 25
11; 28
11; 29
11; 27
11; 25
11; 25
11; 28
11; 29
11; 27
11; 26
11; 27
11; 25
11; 29
11; 27
11; 26
11; 25
11; 27
11; 29
11; 28
11; 26
11; 26
11; 27
11; 29
11; 27
11; 26
11; 26
11; 27
11; 28
11; 28
11; 26
11; 28
11; 26
11; 29
11; 27
11; 26
11; 25
11; 27
11; 29
11; 27
11; 26
11; 25
11; 28
11; 29
11; 27
11; 26
11; 26
11; 28
11; 30
11; 28
11; 30
11; 28
11; 29
11; 31
11; 31
11; 27
11; 30
11; 30
11; 33
11; 33
11; 29
11; 30
11; 29
11; 31
11; 27
12; 28
11; 27
11; 28
11; 27
11; 26
11; 25
11; 27
11; 29
11; 33
11; 33
11; 38
12; 43
11; 45
11; 57
11; 73
11; 57
14; 78
11; 87
11; 104
11; 100
13; 119
12; 102
11; 130
13; 150
13; 143
11; 147
12; 183
11; 149
14; 184
11; 179
11; 201
12; 199
13; 201
15; 193
11; 201
13; 201
14; 201
15; 201
11; 201
17; 201
11; 201
14; 201
11; 201
14; 201
15; 201
18; 201
11; 201
18; 201
19; 201
14; 201
13; 201
21; 201
16; 201
11; 201
16; 201
16; 201
11; 201
20; 201
18; 201
21; 201
15; 201
13; 201
18; 201
23; 201
18; 201
16; 201
22; 201
20; 201
12; 201
20; 201
22; 201
22; 201
13; 201
23; 201
23; 201
21; 201
16; 201
27; 201
22; 201
19; 201
20; 201
23; 201
26; 201
20; 201
22; 201
26; 201
24; 201
15; 201
22; 201
24; 201
27; 201
14; 201
25; 201
26; 201
24; 201
18; 201
25; 201
28; 201
22; 170
22; 201
25; 139
28; 128
23; 72
23; 129
17; 124
28; 112
26; 70
26; 121
29; 165
27; 127
20; 193
29; 201
30; 183
24; 201
25; 201
27; 201
32; 201
18; 201
29; 201
30; 201
29; 201
23; 201
30; 201
35; 201
22; 201
30; 201
29; 183
30; 142
21; 97
30; 129
33; 90
27; 65
28; 128
30; 87
34; 71
25; 11
29; 56
32; 23
27; 7
27; 95
33; 93
36; 139
31; 139
31; 201
35; 201
26; 201
33; 201
35; 201
39; 201
34; 201
33; 201
38; 201
34; 201
30; 201
35; 201
41; 201
35; 201
36; 201
39; 201
35; 201
33; 201
39; 201
43; 201
34; 201
37; 201
41; 201
36; 201
39; 201
40; 201
42; 201
34; 201
42; 201
33; 201
46; 201
43; 201
45; 201
40; 201
41; 201
45; 201
45; 201
38; 201
48; 201
46; 201
37; 201
45; 201
49; 201
41; 201
48; 201
45; 201
41; 161
45; 185
47; 112
45; 90
41; 81
46; 113
50; 59
38; 112
50; 136
50; 96
39; 159
48; 155
53; 176
45; 150
47; 201
54; 201
50; 201
42; 201
53; 201
47; 201
49; 201
53; 201
51; 201
48; 201
49; 201
55; 201
50; 201
54; 201
53; 201
49; 201
54; 201
58; 201
49; 201
58; 201
53; 201
52; 201
57; 201
56; 201
52; 201
58; 201
60; 201
52; 201
61; 201
56; 201
56; 201
60; 201
60; 201
57; 201
63; 201
61; 201
60; 201
65; 201
52; 201
61; 201
67; 201
55; 201
63; 201
67; 201
57; 201
68; 201
57; 201
64; 201
68; 201
64; 201
64; 201
68; 201
58; 201
66; 201
71; 201
58; 201
68; 201
73; 194
70; 201
61; 201
66; 148
69; 201
74; 155
61; 184
69; 160
72; 146
64; 137
71; 164
70; 97
69; 157
75; 128
61; 109
75; 152
74; 65
67; 140
75; 86
76; 100
73; 91
69; 85
67; 78
74; 150
70; 174
79; 112
79; 163
66; 125
78; 189
78; 107
71; 181
78; 126
70; 128
77; 133
81; 126
72; 111
79; 150
77; 92
79; 161
85; 132
71; 137
83; 163
78; 90
80; 182
83; 106
73; 163
83; 123
78; 112
82; 122
86; 124
76; 108
84; 73
85; 139
83; 129
89; 86
75; 104
86; 105
75; 47
86; 121
87; 36
79; 112
90; 42
78; 68
87; 55
89; 51
84; 60
91; 64
86; 88
80; 35
88; 37
87; 110
95; 98
81; 146
92; 196
82; 166
92; 201
91; 178
88; 201
85; 201
96; 201
92; 184
93; 201
93; 188
95; 172
88; 150
97; 167
91; 95
93; 145
99; 84
92; 133
101; 102
87; 92
96; 108
87; 40
98; 112
99; 6
94; 96
101; 6
90; 57
100; 18
90; 16
98; 20
98; 6
94; 19
102; 23
92; 6
100; 41
102; 6
99; 39
105; 6
94; 42
106; 34
93; 13
105; 56
94; 6
102; 83
104; 6
99; 79
107; 6
96; 67
106; 42
97; 47
33; 68
105; 76
101; 124
108; 156
100; 156
108; 201
108; 152
107; 201
112; 172
103; 201
115; 185
101; 160
111; 178
100; 89
111; 152
111; 24
106; 107
114; 6
104; 55
114; 6
102; 10
111; 6
110; 6
112; 6
114; 6
107; 6
106; 6
112; 25
116; 6
116; 6
115; 27
118; 6
108; 37
117; 38
121; 23
106; 8
105; 6
118; 54
115; 66
114; 6
119; 6
113; 54
121; 6
110; 42
121; 6
109; 7
118; 7
121; 6
118; 25
122; 14
115; 25
123; 37
114; 35
124; 89
118; 53
118; 127
122; 91
127; 121
120; 155
129; 111
116; 135
115; 85
126; 114
113; 38
127; 90
116; 6
127; 75
126; 6
122; 75
127; 6
120; 69
131; 6
119; 46
130; 6
119; 28
127; 20
129; 34
121; 14
130; 24
124; 42
131; 29
124; 32
123; 18
131; 32
133; 41
123; 6
129; 46
130; 6
129; 49
58; 6
135; 6
130; 39
128; 31
138; 6
124; 18
139; 25
125; 6
136; 55
125; 6
137; 81
136; 114
125; 6
134; 11
136; 143
137; 31
132; 136
139; 17
131; 103
142; 12
131; 71
142; 6
130; 26
142; 6
130; 16
130; 6
139; 6
137; 6
138; 6
139; 25
142; 11
138; 26
140; 7
137; 26
143; 21
137; 15
144; 12
136; 6
146; 27
144; 201
150; 201
143; 201
147; 201
149; 201
146; 201
146; 201
146; 201
145; 180
145; 67
145; 6
144; 6
144; 6
144; 6
145; 6
143; 6
144; 6
143; 6
144; 6
143; 6
143; 6
143; 6
142; 6
143; 6
142; 6
144; 6
143; 6
143; 6
143; 6
142; 6
143; 6
141; 6
141; 6
142; 6
142; 6
142; 6
142; 6
142; 6
142; 6
142; 6
142; 6
141; 6
140; 6
141; 6
141; 6
141; 6
141; 6
140; 6
140; 6
140; 6
141; 6
140; 6
140; 6
140; 6
140; 6
140; 6
140; 6
140; 6
140; 6
140; 6
140; 6
139; 6
140; 6
139; 6
139; 6
140; 6
139; 6
139; 6
139; 6
139; 6
138; 6
139; 6
139; 6
139; 6
139; 6
139; 6
139; 6
139; 6
139; 6
139; 6
137; 6
139; 6
138; 6
138; 6
139; 6
138; 6
138; 6
138; 6
138; 6
138; 6
138; 6
138; 6
138; 6
137; 6
137; 6
138; 6
137; 6
137; 6
137; 6
137; 6
138; 6
136; 6
137; 6
137; 6
137; 6
137; 6
137; 6
137; 6
136; 6
135; 6
138; 6
136; 6
137; 6
137; 6
136; 6
137; 6
137; 6
135; 6
136; 6
136; 6
136; 6
137; 6
136; 6
136; 6
137; 6
135; 6
137; 6
135; 6
136; 6
136; 6
136; 6
136; 6
136; 6
134; 6
136; 6
135; 6
135; 6
135; 6
135; 6
136; 6
135; 6
135; 6
136; 6
136; 6
135; 6
135; 6
135; 6
135; 6
133; 6
135; 6
134; 6
135; 6
135; 6
133; 6
135; 6
135; 6
133; 6
134; 6
134; 6
134; 6
134; 6
134; 6
134; 6
134; 6
133; 6
133; 6
134; 6
134; 6
134; 6
134; 6
135; 6
133; 6
133; 6
134; 6
134; 6
135; 13
134; 24
133; 23
133; 10
134; 18
134; 6
134; 6
134; 6
133; 6
133; 6
134; 6
133; 6
131; 6
133; 6
133; 6
133; 6
133; 6
133; 6
133; 6
132; 6
133; 6
134; 6
132; 6
132; 6
132; 6
133; 6
133; 6
132; 6
132; 6
133; 6
133; 6
132; 6
132; 6
132; 6
132; 6
131; 6
131; 6
131; 6
131; 6
132; 6
132; 6
132; 6
131; 6
132; 6
130; 6
133; 6
132; 6
132; 6
132; 6
132; 6
132; 26
132; 47
132; 62
132; 68
132; 68
132; 72
132; 62
130; 51
132; 35
131; 20
131; 13
131; 6
131; 6
131; 6
131; 6
131; 6
131; 6
130; 6
131; 6
130; 6
131; 6
131; 6
131; 6
131; 6
131; 6
130; 6
130; 6
131; 6
130; 6
130; 6
130; 6
131; 6
129; 6
129; 6
131; 6
130; 6
130; 6
130; 6
129; 7
130; 8
130; 8
130; 9
130; 8
130; 9
130; 9
130; 10
129; 10
130; 10
129; 10
130; 11
130; 11
130; 15
130; 26
129; 39
129; 55
130; 74
130; 89
130; 82
130; 88
130; 74
130; 68
128; 59
130; 47
129; 28
130; 13
129; 10
129; 8
129; 8
129; 6
130; 6
129; 6
129; 9
129; 9
129; 6
129; 6
129; 6
129; 6
129; 6
129; 6
129; 6
129; 6
129; 6
129; 6
128; 6
128; 6
129; 6
128; 6
129; 6
129; 7
128; 8
128; 8
128; 9
128; 9
128; 10
128; 10
128; 10
128; 11
128; 11
128; 11
128; 11
128; 18
128; 38
128; 52
128; 65
128; 74
128; 79
128; 72
128; 60
128; 47
128; 22
128; 32
128; 14
128; 6
127; 6
128; 6
127; 6
128; 6
127; 6
127; 6
127; 6
127; 7
127; 11
127; 9
127; 8
127; 8
127; 8
127; 9
127; 9
127; 9
127; 10
128; 11
126; 11
127; 11
127; 12
127; 12
127; 12
127; 12
127; 13
127; 13
125; 13
127; 14
127; 14
127; 14
127; 14
126; 15
127; 15
126; 15
125; 15
127; 15
126; 16
127; 22
127; 48
127; 67
127; 79
126; 88
126; 95
127; 96
126; 88
126; 74
126; 60
126; 49
126; 13
126; 25
127; 39
126; 6
125; 6
127; 6
125; 6
127; 6
125; 6
126; 6
126; 6
124; 6
126; 6
126; 6
126; 6
126; 6
126; 6
125; 8
125; 8
125; 8
125; 9
125; 10
125; 10
125; 10
126; 11
124; 11
124; 11
125; 12
125; 12
125; 13
125; 13
125; 14
125; 13
123; 14
125; 14
125; 15
125; 15
125; 15
124; 15
125; 15
125; 16
123; 23
125; 33
125; 48
125; 75
125; 97
125; 104
125; 104
124; 98
124; 89
125; 78
124; 62
124; 44
124; 30
124; 19
125; 11
124; 6
125; 6
123; 6
123; 6
125; 6
124; 6
123; 6
124; 6
124; 6
125; 6
123; 6
124; 6
124; 6
124; 6
124; 7
124; 8
122; 9
124; 9
123; 10
124; 10
123; 11
123; 11
124; 11
123; 12
122; 12
124; 12
123; 13
124; 13
123; 14
123; 14
124; 14
122; 15
123; 15
123; 15
123; 15
123; 16
123; 16
123; 16
123; 17
123; 16
121; 17
122; 17
123; 30
123; 52
123; 72
124; 86
123; 92
122; 86
124; 84
122; 79
123; 67
123; 48
122; 36
123; 23
122; 17
123; 6
121; 7
122; 6
122; 6
122; 6
123; 6
123; 6
122; 7
121; 9
123; 10
122; 8
122; 9
122; 9
122; 10
121; 11
120; 11
120; 11
122; 12
122; 12
121; 13
121; 13
121; 13
122; 14
121; 14
121; 14
122; 15
121; 15
122; 14
121; 16
122; 16
120; 16
121; 16
121; 17
121; 17
121; 17
121; 17
121; 17
121; 17
121; 18
120; 18
121; 23
121; 35
120; 55
121; 73
121; 89
121; 94
121; 91
120; 85
122; 76
121; 56
121; 68
120; 41
120; 16
121; 29
121; 21
121; 8
120; 6
119; 6
121; 6
121; 10
121; 9
121; 8
120; 6
121; 13
120; 14
120; 14
120; 11
120; 9
121; 9
120; 11
119; 10
120; 11
119; 11
120; 12
120; 12
120; 13
120; 13
120; 13
119; 14
121; 14
119; 14
120; 15
120; 15
120; 15
120; 15
119; 16
119; 16
120; 17
120; 17
120; 19
119; 22
119; 24
120; 48
119; 69
120; 32
120; 88
119; 97
120; 98
120; 92
119; 88
120; 72
119; 57
118; 44
120; 22
120; 30
119; 13
119; 8
119; 6
118; 7
118; 11
119; 15
119; 13
119; 14
119; 15
119; 19
119; 16
119; 11
119; 6
119; 11
118; 15
119; 9
118; 8
118; 8
119; 9
118; 9
119; 10
117; 10
118; 11
118; 12
118; 12
118; 12
119; 13
118; 14
118; 13
119; 15
118; 14
118; 15
118; 27
118; 15
119; 48
117; 62
117; 75
117; 85
118; 94
118; 92
118; 82
118; 62
118; 50
118; 41
118; 33
118; 20
118; 7
119; 6
118; 6
118; 6
117; 6
118; 6
118; 6
116; 6
118; 6
117; 6
118; 7
117; 8
118; 9
117; 9
118; 10
117; 11
117; 10
117; 12
117; 12
117; 12
116; 12
117; 13
117; 14
117; 14
117; 13
117; 15
117; 15
117; 15
115; 15
117; 16
116; 16
117; 16
117; 17
117; 17
116; 17
117; 23
117; 42
118; 87
117; 101
116; 68
117; 108
117; 113
117; 116
117; 109
115; 94
117; 80
117; 64
117; 49
116; 37
116; 21
116; 9
116; 6
116; 6
117; 6
115; 6
115; 6
115; 6
116; 6
116; 6
116; 6
116; 6
116; 6
114; 6
116; 6
115; 6
115; 6
116; 6
116; 6
115; 8
116; 8
116; 9
116; 10
115; 10
116; 10
116; 11
114; 11
116; 12
116; 12
115; 13
115; 13
115; 13
115; 14
115; 14
115; 15
115; 15
115; 17
115; 36
116; 61
116; 105
115; 89
115; 116
115; 120
116; 122
115; 116
115; 103
115; 90
115; 80
116; 67
114; 50
115; 30
116; 15
115; 9
115; 6
115; 6
115; 6
115; 6
115; 6
115; 6
114; 6
114; 6
115; 6
114; 6
114; 6
115; 6
114; 6
115; 6
113; 6
114; 6
114; 6
114; 6
114; 6
114; 6
114; 6
115; 8
114; 8
114; 9
114; 10
114; 10
114; 10
114; 11
112; 11
114; 12
114; 12
113; 14
114; 13
114; 13
114; 14
113; 15
112; 15
114; 19
114; 67
114; 38
114; 94
114; 114
114; 126
114; 128
113; 125
114; 121
114; 109
114; 90
114; 78
114; 64
114; 49
113; 32
113; 17
113; 6
112; 6
114; 6
113; 6
113; 6
113; 6
113; 6
114; 6
113; 6
114; 6
114; 6
113; 6
113; 6
113; 6
113; 6
113; 6
112; 6
113; 6
113; 6
112; 6
113; 6
113; 6
113; 6
113; 8
112; 8
113; 9
112; 10
112; 9
112; 10
111; 11
112; 12
111; 12
112; 13
113; 12
112; 13
112; 14
111; 25
112; 14
112; 65
113; 46
113; 83
113; 103
113; 122
113; 126
112; 121
112; 108
113; 97
112; 91
112; 79
112; 57
112; 39
112; 14
111; 8
112; 6
113; 21
110; 6
112; 6
112; 6
111; 6
112; 6
112; 6
111; 6
112; 6
111; 6
111; 6
111; 6
112; 6
112; 6
111; 6
111; 6
111; 6
110; 6
112; 6
111; 6
111; 6
111; 6
111; 7
111; 8
111; 9
111; 10
111; 10
111; 10
111; 8
111; 15
110; 21
110; 35
111; 60
111; 88
111; 106
111; 111
111; 106
110; 101
111; 106
110; 87
110; 71
111; 54
111; 41
111; 30
111; 16
110; 8
111; 6
111; 6
111; 6
110; 6
111; 6
111; 6
110; 6
110; 6
111; 6
110; 6
108; 6
111; 6
110; 6
110; 6
110; 6
110; 6
110; 6
110; 6
109; 6
111; 6
110; 7
111; 8
110; 9
108; 10
110; 10
109; 11
110; 11
110; 12
109; 12
110; 12
109; 13
108; 13
111; 19
109; 42
110; 64
110; 89
110; 113
110; 131
109; 137
109; 131
110; 125
110; 116
110; 111
110; 99
110; 84
110; 66
110; 43
108; 50
110; 31
109; 10
110; 21
109; 6
109; 6
109; 6
109; 6
109; 6
109; 6
107; 6
109; 6
108; 6
108; 6
109; 6
108; 6
109; 6
108; 6
108; 6
109; 6
108; 6
108; 6
108; 6
108; 6
109; 6
107; 6
107; 6
109; 6
108; 6
108; 6
108; 7
108; 8
107; 8
108; 9
108; 10
108; 10
108; 11
108; 11
108; 12
107; 12
109; 18
108; 41
108; 66
108; 89
108; 113
108; 128
108; 128
107; 119
109; 117
109; 115
108; 111
108; 102
108; 90
108; 75
107; 61
108; 51
109; 40
108; 26
108; 16
108; 10
108; 6
107; 6
107; 6
108; 6
107; 6
107; 6
108; 6
107; 6
107; 6
107; 6
107; 6
108; 6
108; 6
107; 6
106; 6
107; 6
107; 6
107; 6
107; 6
107; 6
106; 6
107; 6
106; 6
107; 6
107; 6
107; 6
107; 7
106; 8
107; 8
106; 9
107; 10
107; 10
107; 11
105; 11
107; 12
106; 12
106; 13
107; 19
106; 31
107; 56
106; 85
108; 110
107; 129
107; 138
107; 142
107; 139
107; 128
107; 118
107; 107
107; 97
106; 84
107; 66
106; 48
106; 31
106; 17
106; 22
106; 10
106; 6
106; 6
106; 6
106; 6
106; 6
106; 6
106; 6
106; 6
106; 6
105; 6
105; 6
105; 6
106; 6
105; 6
105; 6
105; 6
105; 6
105; 6
105; 6
106; 6
105; 6
105; 6
105; 6
105; 6
105; 6
105; 6
105; 6
105; 7
105; 6
105; 8
105; 8
105; 9
105; 9
105; 35
105; 62
105; 106
105; 86
105; 125
106; 120
105; 120
106; 112
105; 105
106; 91
106; 99
105; 76
106; 55
105; 32
105; 27
104; 41
105; 18
105; 10
105; 6
105; 6
105; 6
105; 6
105; 6
104; 6
104; 6
105; 6
104; 6
105; 6
104; 6
104; 6
105; 6
103; 6
104; 6
104; 6
104; 6
104; 6
104; 6
104; 6
104; 6
105; 6
102; 6
103; 6
104; 6
104; 6
103; 7
104; 9
104; 8
104; 9
104; 10
103; 11
104; 14
104; 26
104; 41
104; 64
105; 93
104; 121
104; 135
104; 140
104; 138
105; 133
104; 130
104; 123
104; 111
103; 97
104; 88
104; 83
104; 70
104; 54
102; 41
103; 35
103; 20
104; 29
103; 6
104; 7
103; 6
103; 6
103; 6
103; 6
103; 6
103; 6
103; 6
103; 6
103; 6
103; 6
103; 6
103; 6
102; 6
102; 6
102; 6
103; 6
103; 6
103; 6
103; 6
103; 6
101; 6
103; 6
102; 6
102; 6
102; 6
103; 6
103; 6
102; 6
101; 6
102; 12
103; 67
103; 35
103; 95
103; 119
103; 144
103; 133
103; 148
103; 144
103; 137
104; 129
103; 127
102; 124
102; 96
104; 113
103; 80
103; 71
103; 67
102; 43
102; 29
103; 58
102; 11
103; 19
103; 6
102; 6
102; 6
102; 6
102; 6
102; 6
101; 6
101; 6
103; 6
102; 6
102; 6
102; 6
101; 6
102; 6
102; 6
100; 6
102; 6
101; 6
102; 6
101; 6
101; 6
102; 6
101; 6
100; 6
102; 6
101; 6
101; 6
101; 6
102; 6
101; 6
101; 6
101; 15
101; 42
101; 72
102; 100
102; 117
102; 121
100; 120
102; 125
102; 129
102; 123
102; 114
102; 106
102; 100
101; 94
102; 79
101; 62
101; 46
101; 37
101; 31
102; 22
100; 9
101; 6
101; 6
101; 6
101; 6
100; 6
101; 6
101; 6
101; 6
100; 6
100; 6
99; 6
101; 6
101; 6
100; 6
101; 6
100; 6
101; 6
99; 6
100; 6
100; 6
100; 6
100; 6
100; 6
101; 6
100; 6
99; 6
100; 6
100; 28
100; 53
101; 76
100; 95
99; 111
101; 115
101; 116
100; 108
101; 104
101; 109
101; 101
99; 89
101; 76
101; 63
100; 55
100; 48
100; 37
100; 22
100; 12
100; 6
100; 6
99; 6
100; 6
99; 6
100; 6
100; 6
99; 6
99; 6
100; 6
99; 6
98; 6
100; 6
100; 6
99; 6
98; 6
100; 6
99; 6
99; 6
99; 6
100; 6
99; 6
99; 6
99; 6
99; 6
99; 6
98; 6
99; 13
99; 34
99; 60
100; 91
99; 116
99; 130
100; 141
100; 147
100; 156
100; 158
100; 156
100; 148
99; 134
100; 123
100; 109
100; 93
99; 73
99; 55
99; 41
99; 29
99; 6
98; 17
98; 6
98; 6
99; 6
99; 6
98; 6
98; 6
98; 6
99; 6
97; 6
99; 6
99; 6
99; 6
98; 6
98; 6
98; 6
98; 6
97; 6
99; 6
97; 6
98; 6
98; 6
98; 6
98; 6
98; 6
97; 6
98; 6
98; 6
98; 6
98; 6
96; 23
98; 53
99; 87
99; 117
98; 134
98; 145
98; 150
98; 153
97; 157
99; 152
97; 143
99; 130
98; 117
98; 105
99; 93
97; 77
99; 51
97; 61
98; 33
98; 41
98; 17
98; 7
98; 6
98; 6
97; 6
98; 6
96; 6
97; 6
97; 6
97; 6
97; 6
97; 6
97; 6
97; 6
96; 6
97; 6
97; 6
97; 6
97; 6
97; 6
97; 6
97; 6
96; 6
97; 6
96; 6
96; 6
96; 6
96; 6
97; 6
96; 6
96; 6
96; 6
96; 6
95; 6
97; 6
95; 21
97; 50
95; 83
97; 117
97; 136
97; 149
98; 157
96; 163
97; 163
97; 161
96; 147
97; 134
97; 122
97; 109
97; 93
97; 75
97; 60
97; 46
97; 31
96; 37
96; 20
96; 9
96; 6
96; 6
96; 6
95; 6
95; 6
96; 6
96; 6
96; 6
96; 6
96; 6
96; 6
95; 6
96; 6
96; 6
96; 6
96; 6
95; 6
96; 6
96; 6
94; 6
96; 6
95; 6
95; 6
95; 6
95; 6
95; 6
96; 6
94; 6
96; 6
95; 6
95; 6
95; 6
95; 6
95; 26
96; 56
96; 92
95; 124
96; 143
96; 157
96; 161
94; 166
95; 162
97; 169
96; 152
96; 135
96; 123
96; 109
96; 94
95; 79
96; 53
95; 65
96; 46
95; 39
95; 26
95; 12
95; 6
95; 6
96; 6
94; 6
94; 6
96; 6
95; 6
94; 6
94; 6
94; 6
93; 6
95; 6
94; 6
95; 6
94; 6
95; 6
94; 6
95; 6
95; 6
93; 6
94; 6
95; 6
94; 6
94; 6
95; 6
94; 6
93; 6
92; 6
94; 6
94; 6
95; 26
93; 55
94; 6
95; 84
94; 107
95; 125
95; 140
95; 147
93; 130
95; 144
95; 140
94; 114
95; 125
94; 99
94; 81
95; 64
95; 52
94; 40
92; 29
95; 20
94; 12
94; 8
92; 6
94; 6
94; 6
94; 6
94; 6
94; 6
92; 6
94; 6
93; 6
93; 6
93; 6
93; 6
93; 6
93; 6
94; 6
92; 6
93; 6
93; 6
93; 6
93; 6
93; 6
92; 6
93; 6
93; 6
93; 6
93; 6
93; 6
92; 6
93; 6
93; 6
92; 6
93; 23
93; 52
93; 116
92; 141
93; 156
93; 160
94; 84
94; 164
94; 165
93; 159
94; 151
94; 136
92; 122
93; 111
93; 76
93; 95
93; 62
93; 53
93; 47
92; 39
92; 29
94; 19
93; 14
93; 10
92; 6
93; 6
92; 6
92; 6
93; 6
92; 6
91; 6
93; 6
92; 6
92; 6
92; 6
92; 6
92; 6
91; 6
92; 6
93; 6
92; 6
92; 6
92; 6
92; 6
92; 6
90; 6
92; 6
92; 6
92; 6
91; 6
91; 6
91; 6
91; 6
90; 6
92; 30
92; 60
92; 121
92; 90
92; 162
92; 148
92; 164
92; 164
92; 162
92; 155
92; 146
92; 133
91; 118
92; 105
92; 95
92; 77
92; 58
92; 46
92; 35
92; 29
90; 21
92; 11
90; 6
92; 6
90; 6
91; 6
91; 6
91; 6
91; 6
91; 6
89; 6
90; 6
91; 6
91; 6
91; 6
91; 6
91; 6
91; 6
90; 6
91; 6
91; 6
91; 6
91; 6
91; 6
91; 6
91; 6
89; 6
91; 6
90; 6
91; 6
90; 6
90; 6
91; 6
91; 33
92; 69
91; 102
91; 123
91; 143
92; 152
90; 159
91; 157
91; 152
91; 142
91; 133
91; 125
91; 109
91; 89
89; 74
91; 64
90; 56
91; 46
91; 36
90; 26
91; 17
90; 14
90; 6
90; 6
90; 6
91; 6
90; 6
90; 6
90; 6
90; 6
90; 6
90; 6
88; 6
90; 6
89; 6
90; 6
90; 6
90; 6
90; 6
89; 6
88; 6
90; 6
89; 6
90; 6
90; 6
89; 6
90; 6
89; 33
90; 61
90; 113
90; 90
91; 132
90; 142
89; 142
90; 136
91; 139
90; 130
90; 119
90; 89
90; 106
90; 79
89; 69
90; 59
89; 46
89; 35
89; 29
89; 24
90; 17
88; 7
90; 6
88; 6
89; 6
89; 6
89; 6
89; 6
89; 6
89; 6
89; 6
89; 6
89; 6
89; 6
89; 6
89; 6
89; 6
89; 6
89; 6
89; 6
88; 6
88; 6
88; 6
88; 6
88; 6
89; 6
89; 6
89; 28
89; 63
89; 97
89; 122
89; 138
89; 149
89; 157
89; 164
89; 164
89; 153
89; 140
89; 131
89; 123
89; 107
89; 92
89; 81
89; 71
89; 65
89; 58
89; 48
89; 39
89; 35
89; 33
89; 25
88; 12
88; 6
88; 6
89; 6
88; 6
88; 6
88; 6
89; 6
88; 6
89; 6
88; 6
88; 6
88; 6
88; 6
88; 6
87; 6
87; 6
87; 6
88; 6
88; 6
87; 6
88; 6
88; 6
86; 6
88; 6
88; 6
87; 6
88; 6
87; 15
88; 48
89; 82
88; 111
88; 131
88; 148
89; 152
88; 151
87; 148
89; 142
88; 139
88; 113
88; 128
88; 98
88; 87
88; 78
86; 67
89; 62
87; 53
88; 50
88; 49
88; 39
87; 31
87; 25
86; 24
88; 17
86; 6
87; 6
87; 6
87; 6
87; 6
87; 6
87; 6
88; 6
86; 6
87; 6
88; 6
87; 6
87; 6
87; 6
87; 6
85; 6
87; 6
86; 6
87; 6
87; 6
86; 6
86; 6
86; 6
87; 6
86; 6
87; 6
86; 6
86; 6
86; 6
86; 6
86; 6
86; 6
84; 6
87; 6
86; 6
86; 6
86; 6
86; 6
86; 6
86; 6
85; 6
86; 6
86; 6
86; 6
86; 6
85; 6
86; 6
85; 8
86; 8
86; 9
85; 9
86; 10
85; 16
86; 39
87; 73
86; 101
86; 130
86; 159
86; 181
87; 194
86; 195
87; 187
86; 192
86; 183
86; 178
86; 143
86; 161
87; 126
85; 113
86; 104
86; 89
86; 69
86; 76
86; 61
86; 55
86; 47
84; 40
86; 32
86; 31
86; 15
86; 25
86; 6
85; 6
85; 6
86; 6
85; 6
85; 6
85; 6
85; 6
85; 6
85; 6
85; 6
85; 6
85; 6
85; 6
85; 6
83; 6
84; 6
85; 6
85; 6
84; 6
85; 6
85; 6
84; 6
84; 6
84; 6
85; 6
84; 6
84; 21
86; 57
85; 89
85; 112
85; 129
85; 138
86; 147
85; 147
85; 134
85; 141
85; 127
85; 118
85; 88
85; 104
85; 74
84; 68
86; 60
85; 49
85; 40
85; 34
84; 27
85; 22
85; 14
84; 6
85; 6
85; 6
85; 6
84; 6
84; 6
84; 6
84; 6
84; 6
84; 6
82; 6
84; 6
84; 6
84; 6
84; 6
84; 6
84; 6
83; 6
83; 6
83; 6
83; 6
84; 6
84; 6
84; 6
85; 6
84; 40
84; 76
85; 110
85; 146
85; 134
85; 154
85; 154
85; 153
84; 147
85; 138
84; 124
84; 112
84; 92
84; 103
85; 77
84; 64
84; 57
85; 58
84; 59
84; 52
85; 42
83; 37
84; 34
84; 33
84; 24
84; 16
84; 6
84; 9
84; 6
83; 6
84; 6
84; 6
84; 6
82; 6
83; 6
84; 6
83; 6
83; 6
83; 6
83; 6
82; 6
84; 6
83; 6
83; 6
83; 6
83; 6
83; 6
82; 6
83; 6
82; 6
83; 6
83; 41
83; 73
84; 100
84; 118
83; 127
83; 129
84; 132
84; 132
84; 127
82; 116
82; 108
83; 89
83; 100
83; 74
83; 67
83; 61
84; 59
82; 56
83; 50
84; 42
83; 38
83; 39
83; 36
83; 25
84; 19
82; 14
83; 13
82; 9
81; 6
83; 6
83; 6
83; 6
83; 6
83; 6
83; 6
82; 6
82; 6
82; 6
83; 6
82; 6
82; 6
82; 6
82; 6
82; 6
82; 6
82; 6
82; 6
81; 6
82; 6
82; 6
82; 6
82; 6
81; 6
81; 6
82; 6
81; 6
82; 6
81; 6
80; 6
82; 6
82; 6
81; 6
81; 6
81; 6
81; 6
82; 6
80; 6
81; 6
81; 6
81; 6
81; 6
81; 6
81; 6
81; 6
81; 6
81; 27
82; 66
82; 104
82; 158
82; 135
82; 169
82; 183
82; 186
82; 185
82; 177
82; 164
82; 169
82; 151
80; 137
82; 118
82; 102
81; 109
82; 92
82; 80
81; 61
82; 71
81; 65
82; 55
81; 44
82; 37
81; 31
81; 31
82; 29
81; 21
81; 11
81; 6
81; 6
81; 6
80; 6
79; 6
81; 6
81; 6
81; 6
80; 6
81; 6
81; 6
79; 6
81; 6
80; 6
80; 6
81; 6
80; 6
80; 6
80; 6
80; 6
80; 6
80; 6
80; 6
80; 6
80; 6
80; 6
79; 6
80; 6
80; 6
80; 6
80; 6
79; 6
79; 6
81; 6
80; 29
81; 70
79; 106
80; 6
81; 133
82; 152
81; 171
81; 161
81; 171
81; 157
81; 164
80; 148
81; 142
80; 128
81; 115
80; 101
81; 84
81; 92
80; 77
79; 72
80; 61
80; 66
80; 58
80; 51
80; 43
81; 32
79; 16
79; 23
81; 7
79; 6
79; 6
81; 6
80; 6
80; 6
80; 6
80; 6
79; 6
80; 6
79; 6
79; 6
79; 6
79; 6
79; 6
80; 6
79; 6
79; 6
80; 6
79; 6
79; 6
79; 6
79; 6
79; 6
78; 6
80; 6
79; 24
79; 8
80; 54
80; 93
80; 122
80; 139
79; 150
80; 161
80; 163
80; 158
80; 145
79; 136
79; 127
80; 120
78; 104
79; 90
79; 80
79; 72
79; 68
79; 57
79; 46
79; 39
78; 33
79; 22
79; 29
79; 13
79; 6
79; 6
79; 6
79; 6
78; 6
79; 6
79; 6
78; 6
78; 6
79; 6
79; 6
79; 6
78; 6
79; 6
78; 6
78; 6
79; 6
78; 6
79; 6
77; 6
78; 6
78; 6
78; 6
78; 6
78; 6
78; 6
78; 6
76; 6
78; 6
77; 6
78; 6
79; 20
78; 6
78; 57
79; 110
79; 86
79; 130
79; 143
79; 144
79; 140
77; 130
79; 123
78; 120
79; 111
78; 97
79; 86
79; 90
79; 82
79; 78
78; 74
79; 68
78; 65
78; 66
78; 58
78; 45
78; 34
78; 25
77; 15
78; 6
77; 6
77; 6
78; 6
78; 6
77; 6
78; 6
78; 6
78; 6
77; 6
78; 6
77; 6
78; 6
77; 6
77; 6
78; 6
76; 6
77; 6
77; 6
77; 6
77; 6
77; 6
77; 6
77; 6
75; 6
77; 6
77; 6
77; 6
77; 6
77; 6
77; 22
78; 63
77; 6
78; 106
78; 140
78; 154
78; 160
76; 160
76; 159
77; 152
77; 140
78; 130
77; 115
78; 106
76; 86
78; 97
76; 71
77; 65
77; 70
77; 67
77; 66
78; 59
77; 55
76; 50
76; 44
77; 33
77; 19
77; 9
77; 6
77; 6
77; 6
77; 6
77; 6
75; 6
77; 6
76; 6
76; 6
76; 6
77; 6
77; 6
77; 6
76; 6
77; 6
76; 6
76; 6
76; 6
76; 6
76; 6
76; 6
75; 6
77; 6
75; 6
76; 6
76; 6
76; 6
76; 6
76; 6
76; 29
76; 67
76; 102
76; 123
76; 138
75; 148
77; 154
77; 152
76; 148
76; 137
76; 127
76; 122
76; 116
75; 106
77; 92
77; 79
76; 72
76; 67
76; 58
76; 49
75; 38
76; 33
77; 31
76; 24
76; 14
75; 6
76; 6
74; 6
76; 6
76; 6
75; 6
76; 6
75; 6
75; 6
75; 6
75; 6
75; 6
76; 6
74; 6
75; 6
76; 6
75; 6
75; 6
75; 6
75; 6
75; 6
74; 6
74; 6
75; 6
74; 6
75; 6
75; 6
75; 6
75; 6
73; 6
74; 15
75; 52
76; 112
75; 88
76; 128
76; 140
75; 148
76; 151
74; 145
75; 139
75; 131
76; 121
75; 114
76; 99
75; 83
75; 71
74; 65
75; 61
75; 50
76; 55
75; 47
75; 42
76; 45
75; 34
75; 26
75; 22
75; 20
73; 16
75; 9
75; 6
74; 6
75; 6
75; 6
74; 6
74; 6
74; 6
75; 6
74; 6
74; 6
74; 6
74; 6
74; 6
74; 6
74; 6
74; 6
74; 6
74; 6
74; 6
74; 6
74; 27
74; 6
75; 58
75; 84
75; 97
74; 108
74; 113
75; 121
75; 121
74; 117
74; 104
74; 112
74; 95
74; 83
74; 72
74; 65
74; 58
74; 54
74; 47
74; 50
74; 43
74; 38
74; 37
74; 28
74; 34
74; 21
74; 15
74; 11
73; 6
74; 6
74; 6
74; 6
74; 6
74; 6
72; 6
73; 6
73; 6
73; 6
72; 6
74; 6
74; 6
73; 6
72; 6
72; 6
72; 6
73; 6
73; 6
73; 6
74; 6
73; 6
72; 6
73; 25
74; 63
74; 94
73; 125
74; 114
74; 127
73; 132
74; 133
73; 129
74; 123
74; 111
74; 107
73; 100
74; 88
73; 77
73; 73
74; 71
73; 64
74; 59
72; 53
74; 46
74; 45
73; 39
73; 32
73; 30
73; 24
73; 24
73; 17
73; 6
74; 8
72; 7
74; 14
73; 14
73; 9
72; 6
73; 6
73; 6
73; 6
73; 6
73; 6
71; 6
73; 6
73; 6
73; 6
72; 6
71; 6
73; 6
71; 6
72; 6
72; 6
72; 6
72; 6
73; 6
73; 45
71; 16
73; 102
72; 74
73; 117
73; 125
72; 124
73; 126
73; 124
74; 120
73; 112
73; 99
73; 88
73; 85
73; 77
73; 70
73; 63
72; 57
73; 54
73; 50
73; 44
73; 39
73; 35
73; 31
72; 18
73; 23
72; 11
72; 7
72; 6
72; 6
72; 6
72; 6
72; 6
71; 6
72; 6
71; 6
72; 6
72; 6
72; 6
72; 6
72; 6
71; 6
72; 6
70; 6
72; 6
71; 6
72; 6
73; 8
73; 34
72; 54
72; 72
72; 85
72; 93
73; 101
71; 105
72; 101
73; 92
72; 89
72; 85
72; 78
72; 64
72; 55
70; 49
73; 47
71; 46
72; 39
72; 38
72; 36
72; 35
72; 29
71; 22
72; 19
72; 19
72; 22
72; 20
71; 14
72; 7
71; 6
71; 6
72; 6
71; 6
70; 6
72; 6
72; 6
71; 9
71; 6
71; 6
70; 6
72; 6
71; 6
72; 6
71; 6
71; 6
71; 6
71; 6
71; 6
70; 6
71; 20
71; 48
71; 69
72; 86
70; 99
71; 105
71; 103
72; 105
72; 97
71; 92
72; 89
72; 87
70; 78
72; 69
71; 64
71; 57
71; 55
71; 53
71; 49
71; 43
70; 40
72; 40
71; 33
71; 26
71; 20
71; 15
71; 12
70; 8
71; 6
71; 6
69; 6
72; 6
70; 6
71; 6
70; 6
71; 6
71; 6
70; 6
69; 6
71; 6
70; 6
70; 6
70; 6
70; 6
71; 6
70; 6
70; 6
71; 6
70; 6
70; 6
70; 6
71; 51
69; 27
70; 64
71; 78
70; 88
71; 94
71; 97
70; 93
69; 89
71; 86
70; 87
70; 86
70; 76
71; 63
70; 56
71; 50
70; 45
70; 42
71; 43
70; 40
70; 40
70; 35
70; 30
70; 25
69; 24
70; 25
70; 22
70; 17
70; 10
70; 11
71; 10
69; 10
70; 6
69; 6
70; 6
71; 6
69; 6
70; 6
70; 6
70; 6
70; 6
70; 6
68; 6
70; 6
69; 6
70; 6
69; 6
69; 6
69; 6
69; 6
70; 6
70; 6
69; 6
69; 6
69; 6
69; 6
70; 6
69; 12
67; 6
69; 36
70; 63
70; 84
69; 97
70; 102
71; 107
69; 112
70; 110
69; 104
70; 93
69; 98
69; 91
69; 82
70; 72
69; 65
70; 67
69; 64
69; 58
70; 52
70; 46
70; 44
69; 43
69; 39
69; 32
69; 29
70; 27
69; 29
68; 27
70; 20
69; 13
69; 11
69; 13
69; 12
69; 8
69; 6
69; 6
70; 7
67; 6
69; 6
68; 6
68; 6
69; 6
69; 6
68; 6
68; 6
67; 6
67; 6
68; 6
69; 6
68; 6
68; 6
69; 6
69; 6
67; 6
69; 6
69; 12
69; 6
69; 54
69; 34
68; 77
69; 96
69; 119
69; 112
69; 116
68; 112
69; 113
67; 112
68; 104
68; 96
69; 85
69; 78
68; 77
69; 69
69; 62
67; 55
69; 51
69; 54
67; 47
68; 40
68; 34
69; 36
67; 27
68; 17
68; 36
69; 21
69; 17
68; 13
68; 7
68; 6
68; 6
68; 6
69; 6
67; 6
68; 6
68; 6
68; 6
68; 6
68; 6
68; 6
67; 6
67; 6
68; 6
68; 6
67; 6
68; 6
68; 31
68; 6
68; 60
69; 48
68; 72
68; 84
68; 88
68; 87
67; 83
69; 82
67; 80
68; 75
68; 65
68; 56
68; 47
67; 44
68; 36
68; 32
67; 42
68; 27
68; 28
68; 21
67; 27
66; 17
68; 13
68; 11
68; 9
68; 6
67; 6
67; 6
67; 6
67; 6
67; 6
67; 6
66; 6
68; 6
67; 6
67; 6
67; 6
67; 6
67; 6
67; 6
66; 6
67; 6
66; 6
67; 6
67; 6
67; 6
67; 6
67; 28
67; 52
67; 76
67; 90
67; 99
67; 102
66; 105
68; 105
66; 99
67; 90
67; 87
67; 82
67; 78
66; 58
67; 67
68; 54
67; 53
67; 46
67; 52
66; 37
68; 29
66; 29
67; 30
67; 23
67; 28
67; 13
67; 17
67; 8
67; 10
66; 6
67; 6
66; 6
66; 6
67; 6
65; 6
66; 6
65; 6
66; 6
66; 6
65; 6
66; 6
66; 6
66; 6
66; 6
66; 6
66; 6
66; 6
65; 6
66; 27
66; 52
66; 6
67; 72
66; 90
67; 95
67; 94
66; 99
66; 96
66; 98
66; 92
67; 89
66; 83
66; 77
66; 77
66; 66
66; 55
66; 49
67; 50
66; 50
66; 37
64; 42
65; 34
66; 31
66; 28
66; 25
66; 20
65; 14
65; 12
67; 11
65; 6
64; 6
66; 6
65; 6
66; 6
65; 6
65; 6
65; 6
65; 6
65; 6
66; 6
66; 6
65; 6
65; 6
65; 6
65; 6
65; 6
65; 6
65; 6
65; 6
65; 6
65; 6
64; 22
66; 46
66; 70
66; 85
65; 90
66; 94
66; 95
65; 95
66; 93
66; 85
65; 82
65; 78
65; 74
65; 66
66; 60
65; 60
66; 60
65; 57
65; 52
65; 43
65; 39
66; 40
65; 40
63; 34
65; 29
65; 25
65; 25
65; 20
65; 11
65; 18
65; 6
65; 6
65; 6
63; 6
65; 6
65; 6
65; 6
65; 6
65; 6
65; 6
65; 6
63; 6
65; 6
64; 6
64; 6
65; 6
65; 6
64; 6
63; 6
64; 6
64; 20
65; 47
65; 67
65; 80
63; 88
64; 94
65; 93
65; 96
65; 94
65; 91
65; 87
65; 82
64; 81
66; 77
64; 68
64; 63
64; 59
65; 58
65; 50
64; 43
65; 35
64; 37
65; 33
64; 29
64; 24
64; 16
65; 13
64; 15
65; 6
63; 10
63; 6
65; 6
64; 6
64; 6
64; 6
64; 6
64; 6
64; 6
62; 6
64; 6
63; 6
64; 6
64; 6
64; 6
64; 6
64; 11
64; 31
64; 51
64; 64
64; 72
65; 77
65; 74
64; 68
65; 76
64; 61
64; 58
64; 56
64; 54
64; 49
63; 43
64; 36
65; 36
64; 36
64; 26
64; 20
64; 32
63; 19
64; 19
65; 16
62; 11
64; 6
63; 6
63; 8
64; 6
63; 6
64; 6
64; 6
63; 6
64; 6
63; 6
63; 6
63; 6
63; 6
64; 6
62; 6
63; 6
64; 6
63; 6
63; 6
63; 6
63; 6
64; 6
62; 6
63; 26
63; 45
63; 60
64; 76
63; 92
63; 96
64; 94
63; 92
64; 90
63; 88
63; 82
64; 77
62; 73
63; 70
64; 67
63; 62
63; 54
63; 50
64; 52
63; 43
63; 53
64; 37
63; 27
63; 30
63; 28
63; 28
63; 21
63; 11
63; 9
63; 6
63; 6
63; 6
63; 6
63; 6
63; 6
63; 6
63; 6
63; 6
63; 6
63; 6
63; 6
63; 6
63; 6
62; 6
63; 6
62; 6
62; 6
62; 6
62; 6
62; 6
63; 6
63; 40
63; 61
63; 23
63; 77
63; 83
63; 85
63; 85
63; 85
63; 86
63; 86
62; 80
62; 70
62; 64
62; 62
63; 58
63; 55
63; 49
63; 49
62; 46
62; 42
62; 33
62; 39
63; 34
63; 30
61; 23
63; 16
63; 11
62; 14
62; 16
62; 10
62; 6
63; 6
62; 6
62; 6
61; 6
62; 6
62; 6
62; 6
62; 6
62; 6
62; 6
62; 6
61; 6
62; 6
61; 6
62; 6
62; 6
62; 6
62; 6
61; 6
63; 6
61; 6
62; 22
62; 49
62; 65
62; 79
62; 85
61; 88
62; 89
62; 84
62; 81
62; 76
62; 69
61; 67
63; 63
61; 55
62; 52
62; 51
62; 52
62; 49
62; 47
60; 43
62; 40
62; 44
61; 35
62; 29
61; 23
60; 20
62; 19
60; 15
62; 8
61; 6
62; 6
62; 6
62; 6
61; 6
61; 6
61; 6
62; 6
60; 6
61; 6
61; 6
61; 6
61; 6
61; 6
61; 6
61; 6
60; 6
61; 6
60; 6
60; 6
61; 6
61; 6
61; 20
61; 39
61; 59
61; 77
61; 93
62; 105
61; 107
60; 101
61; 93
62; 88
61; 89
61; 81
61; 70
61; 61
61; 58
60; 59
61; 55
61; 49
61; 46
61; 49
61; 50
61; 47
60; 40
60; 32
62; 32
61; 32
61; 31
61; 25
61; 20
61; 20
60; 22
61; 20
61; 13
61; 12
61; 13
61; 15
61; 13
61; 8
60; 6
61; 6
60; 6
61; 6
61; 6
60; 6
61; 6
61; 8
59; 20
61; 31
61; 60
60; 45
61; 73
61; 75
61; 74
60; 72
60; 69
61; 67
60; 61
61; 53
60; 44
60; 37
61; 36
60; 33
59; 32
61; 31
59; 29
60; 28
60; 25
60; 22
60; 16
60; 13
60; 13
61; 11
60; 6
61; 6
59; 6
60; 6
59; 6
60; 6
60; 6
60; 6
59; 6
61; 6
60; 6
60; 6
59; 6
60; 6
60; 6
59; 6
61; 6
59; 6
60; 6
60; 23
60; 39
58; 58
61; 75
60; 88
60; 90
60; 90
60; 84
60; 83
60; 85
58; 81
61; 74
60; 65
60; 57
60; 56
60; 51
60; 46
59; 39
59; 39
61; 38
60; 34
60; 28
60; 23
59; 18
60; 19
58; 16
60; 12
59; 9
60; 8
59; 6
59; 6
59; 8
59; 6
60; 6
59; 6
58; 6
59; 6
59; 6
59; 6
60; 6
59; 6
59; 6
60; 6
58; 6
59; 6
59; 16
59; 30
60; 46
58; 61
59; 73
60; 79
59; 84
60; 82
59; 80
60; 78
60; 76
58; 71
60; 62
59; 54
59; 55
59; 55
59; 52
59; 48
59; 46
59; 48
58; 49
60; 43
59; 37
59; 32
59; 32
59; 27
59; 31
58; 23
59; 21
59; 19
59; 18
59; 15
59; 10
59; 8
59; 13
57; 14
59; 13
58; 8
59; 6
59; 6
59; 6
58; 6
58; 6
59; 6
59; 6
57; 6
58; 6
58; 13
59; 29
59; 48
58; 64
58; 70
60; 74
58; 75
59; 76
59; 75
59; 70
59; 63
58; 59
58; 58
59; 55
59; 48
59; 52
59; 43
58; 43
58; 43
57; 38
58; 30
59; 33
58; 30
58; 31
58; 30
59; 23
58; 20
57; 19
59; 18
58; 14
58; 9
58; 6
58; 6
58; 6
58; 6
58; 6
58; 6
57; 6
59; 6
58; 6
58; 6
58; 6
58; 6
58; 6
59; 6
56; 6
59; 6
58; 6
58; 6
58; 6
58; 6
58; 7
58; 31
58; 53
58; 66
58; 74
59; 78
58; 81
58; 80
57; 86
57; 74
58; 70
58; 66
58; 66
58; 62
58; 61
57; 54
58; 54
58; 54
58; 51
58; 37
58; 44
59; 37
59; 41
57; 37
57; 26
58; 30
58; 26
58; 28
58; 25
58; 20
58; 16
56; 15
59; 15
57; 14
58; 14
58; 14
58; 16
58; 20
57; 18
56; 14
58; 10
57; 9
57; 8
58; 8
57; 6
57; 6
58; 23
57; 13
58; 33
57; 42
58; 52
57; 61
58; 70
58; 71
57; 65
58; 60
57; 59
58; 61
57; 59
57; 52
57; 43
57; 37
58; 36
58; 32
57; 29
58; 24
57; 23
57; 24
58; 24
58; 17
56; 13
58; 11
57; 9
57; 6
57; 6
57; 6
57; 6
56; 6
58; 6
57; 6
56; 6
58; 6
57; 6
57; 6
57; 6
56; 6
56; 6
57; 6
56; 6
58; 6
57; 6
57; 6
57; 6
57; 6
57; 6
56; 6
57; 19
56; 42
57; 53
57; 62
57; 68
56; 74
58; 76
57; 73
56; 72
57; 69
57; 70
57; 68
57; 66
55; 59
57; 52
56; 50
57; 52
57; 48
57; 43
57; 40
56; 37
57; 39
57; 37
56; 31
56; 26
56; 24
57; 21
56; 24
56; 16
56; 12
57; 12
56; 12
56; 9
56; 6
56; 6
56; 6
56; 6
57; 6
56; 6
55; 6
57; 6
56; 6
56; 6
56; 6
56; 6
57; 6
55; 6
56; 6
57; 6
56; 6
57; 20
56; 42
55; 58
56; 71
57; 66
56; 72
56; 74
56; 74
57; 73
56; 69
56; 65
57; 63
56; 60
56; 52
56; 47
56; 44
56; 43
55; 43
56; 40
57; 38
56; 35
56; 38
56; 37
56; 32
57; 24
56; 22
56; 23
56; 20
56; 17
56; 15
56; 10
56; 14
56; 14
56; 9
54; 11
54; 6
56; 6
56; 9
56; 6
55; 6
55; 6
56; 6
56; 6
54; 6
56; 6
55; 6
55; 6
55; 6
55; 6
56; 29
56; 16
56; 47
56; 62
56; 71
55; 73
56; 75
56; 78
56; 71
56; 78
55; 62
55; 58
55; 55
55; 50
56; 47
55; 44
54; 41
56; 39
56; 43
55; 38
55; 33
56; 33
55; 32
54; 35
56; 32
56; 24
55; 19
55; 16
55; 16
55; 10
55; 9
55; 6
56; 6
55; 8
55; 10
56; 6
55; 6
55; 6
55; 6
55; 6
55; 6
53; 6
55; 6
55; 6
55; 6
55; 19
55; 7
55; 36
56; 53
55; 61
55; 64
55; 63
55; 66
55; 66
54; 61
54; 53
56; 47
55; 45
55; 41
55; 46
55; 35
55; 34
53; 34
55; 34
55; 33
55; 26
55; 21
55; 20
55; 20
54; 18
54; 14
55; 7
53; 6
55; 6
54; 6
55; 6
54; 6
54; 6
55; 6
54; 6
55; 6
53; 6
54; 6
54; 6
54; 6
54; 6
55; 6
54; 6
54; 6
54; 6
55; 6
54; 6
54; 6
54; 6
53; 16
54; 6
54; 36
54; 57
55; 73
54; 77
55; 73
54; 67
53; 66
55; 70
54; 67
54; 61
54; 56
54; 53
54; 55
53; 55
54; 49
53; 46
54; 44
54; 47
54; 46
54; 41
54; 36
52; 32
53; 28
55; 32
54; 22
54; 20
54; 22
54; 23
53; 20
53; 15
53; 7
55; 9
54; 8
54; 6
53; 9
54; 6
54; 6
54; 6
54; 8
52; 6
54; 6
53; 6
54; 6
53; 6
53; 6
53; 6
53; 6
53; 6
54; 6
54; 15
53; 26
53; 42
54; 72
52; 61
52; 75
53; 74
53; 70
53; 73
54; 77
53; 72
52; 65
54; 62
53; 60
53; 61
53; 56
53; 50
54; 46
53; 47
53; 47
54; 42
53; 35
53; 31
53; 29
53; 24
53; 20
52; 17
53; 15
53; 17
53; 20
53; 14
53; 16
53; 14
53; 14
54; 12
52; 15
53; 12
53; 11
53; 13
53; 16
53; 12
51; 7
53; 6
53; 6
53; 6
53; 6
53; 6
53; 6
53; 6
53; 6
53; 6
53; 6
53; 6
53; 9
53; 22
53; 38
53; 56
53; 69
53; 85
53; 92
53; 86
53; 81
53; 94
53; 77
53; 74
53; 67
53; 64
53; 77
53; 60
53; 60
53; 54
53; 49
53; 44
53; 44
53; 44
53; 39
53; 32
53; 26
53; 25
53; 26
53; 25
53; 21
52; 19
52; 18
53; 18
52; 15
53; 6
52; 6
52; 6
53; 6
53; 6
52; 6
52; 6
52; 6
52; 6
52; 6
52; 6
52; 6
51; 6
53; 6
52; 6
52; 6
52; 9
52; 22
52; 39
52; 51
53; 55
52; 56
52; 56
52; 58
52; 52
52; 57
51; 46
53; 42
52; 38
52; 35
52; 43
52; 32
52; 34
52; 35
50; 34
53; 35
51; 32
52; 30
52; 29
53; 26
52; 20
52; 19
51; 18
53; 19
51; 16
52; 13
52; 7
52; 6
52; 6
51; 9
52; 6
52; 6
51; 6
52; 6
52; 6
52; 6
52; 6
51; 6
52; 6
52; 6
50; 6
51; 6
51; 6
52; 17
52; 34
51; 47
51; 57
52; 72
53; 67
52; 76
52; 73
52; 71
52; 69
51; 66
52; 63
52; 56
51; 45
52; 51
52; 46
52; 46
52; 46
50; 43
52; 43
51; 45
52; 47
51; 42
51; 37
52; 34
51; 33
50; 26
52; 20
51; 11
51; 10
51; 12
51; 13
52; 9
51; 6
51; 6
51; 6
51; 12
51; 9
51; 6
51; 9
51; 12
50; 12
51; 11
51; 8
50; 6
52; 6
51; 6
51; 6
51; 7
50; 17
52; 30
50; 47
51; 60
51; 65
51; 71
51; 75
51; 78
52; 66
49; 73
51; 65
51; 64
51; 66
51; 58
52; 53
51; 50
50; 47
52; 46
51; 42
51; 37
51; 32
51; 33
52; 33
50; 32
50; 26
52; 21
51; 21
51; 19
51; 12
51; 10
51; 16
51; 12
51; 14
50; 15
51; 13
50; 10
51; 8
51; 13
51; 11
51; 6
50; 8
51; 6
50; 9
51; 6
50; 6
51; 6
50; 6
50; 6
51; 6
50; 6
51; 6
50; 8
50; 12
50; 10
51; 19
49; 33
51; 62
51; 46
50; 70
51; 74
51; 72
51; 72
50; 74
49; 69
51; 64
51; 61
50; 56
50; 57
50; 54
51; 49
50; 48
51; 49
49; 48
50; 50
50; 50
50; 48
50; 42
51; 41
51; 32
49; 36
51; 26
50; 23
50; 22
50; 17
50; 12
50; 10
49; 11
50; 14
49; 10
49; 6
50; 6
50; 6
50; 6
50; 9
50; 10
50; 9
50; 14
50; 8
50; 17
50; 14
50; 10
50; 12
50; 13
51; 16
49; 16
50; 20
50; 29
50; 44
49; 66
50; 58
49; 69
50; 68
50; 66
50; 63
50; 48
50; 56
50; 43
49; 41
50; 42
49; 41
50; 40
50; 39
50; 41
50; 38
50; 32
48; 26
51; 21
49; 25
50; 23
50; 14
50; 13
49; 16
48; 14
50; 12
50; 12
49; 6
49; 9
50; 6
50; 10
50; 14
50; 14
48; 12
50; 11
49; 11
49; 6
50; 6
49; 6
49; 6
49; 6
49; 6
49; 6
48; 6
50; 6
49; 9
49; 6
49; 6
49; 6
49; 6
48; 15
49; 19
49; 28
49; 38
50; 47
49; 43
48; 45
49; 35
49; 40
48; 32
49; 34
49; 36
49; 34
49; 35
48; 36
50; 35
49; 38
49; 37
49; 37
49; 38
49; 42
49; 42
47; 40
50; 36
48; 36
49; 38
49; 27
49; 33
49; 24
48; 23
48; 21
49; 17
49; 16
49; 12
49; 13
49; 16
49; 17
47; 12
49; 7
48; 6
48; 6
50; 6
49; 6
48; 6
48; 6
49; 6
49; 9
48; 6
48; 6
49; 6
48; 8
49; 10
48; 12
47; 14
49; 18
49; 31
48; 24
49; 41
49; 54
48; 62
49; 48
48; 68
49; 66
48; 66
48; 65
48; 67
48; 69
49; 66
48; 62
47; 60
49; 60
47; 59
49; 56
49; 50
49; 52
48; 52
48; 51
47; 44
47; 40
48; 38
48; 41
48; 42
48; 36
49; 32
48; 31
47; 33
48; 33
48; 31
48; 29
48; 33
48; 33
47; 42
49; 38
49; 48
49; 47
48; 48
48; 41
48; 28
48; 19
48; 13
48; 13
48; 14
48; 17
48; 13
48; 14
48; 22
48; 28
48; 26
47; 20
49; 12
48; 9
48; 11
48; 19
48; 36
49; 53
49; 67
49; 75
48; 73
48; 73
48; 76
48; 67
48; 58
48; 51
47; 44
48; 37
48; 36
48; 37
48; 37
48; 31
48; 27
48; 26
47; 23
48; 16
48; 19
48; 16
48; 17
48; 16
48; 10
48; 10
46; 12
49; 14
47; 15
48; 11
47; 8
48; 6
48; 6
48; 6
48; 6
48; 6
46; 6
48; 6
48; 8
47; 6
47; 6
48; 6
48; 7
48; 6
46; 6
48; 6
48; 6
47; 6
47; 19
47; 9
47; 24
48; 31
48; 48
48; 39
47; 48
47; 46
47; 41
47; 37
47; 36
47; 29
47; 26
47; 21
47; 23
47; 30
46; 33
48; 33
46; 30
48; 30
47; 32
47; 29
47; 20
47; 19
47; 24
48; 19
48; 16
46; 10
47; 9
47; 8
47; 9
47; 7
47; 6
47; 6
47; 6
46; 6
47; 6
46; 6
47; 6
47; 6
47; 9
46; 11
47; 15
48; 13
47; 15
46; 16
47; 10
47; 6
47; 6
47; 6
46; 13
47; 30
47; 44
47; 57
47; 73
45; 85
47; 85
47; 78
46; 71
47; 67
47; 65
47; 60
48; 60
47; 59
46; 60
48; 67
47; 69
47; 66
47; 56
47; 47
47; 42
46; 40
47; 32
47; 26
47; 25
46; 28
47; 29
46; 24
47; 17
45; 13
47; 16
46; 15
47; 12
46; 9
46; 9
47; 11
47; 13
45; 12
47; 7
47; 11
46; 7
46; 7
46; 9
46; 6
45; 6
45; 9
46; 13
46; 12
46; 14
46; 16
46; 21
46; 24
47; 30
45; 35
47; 44
47; 52
46; 54
46; 54
46; 53
47; 54
47; 58
45; 60
47; 57
47; 53
46; 51
46; 51
46; 48
46; 40
46; 32
45; 29
46; 35
46; 32
47; 32
46; 31
46; 27
47; 26
46; 23
46; 17
46; 16
46; 18
46; 15
46; 20
46; 10
46; 15
45; 7
47; 12
46; 14
46; 14
46; 14
46; 13
46; 19
46; 20
45; 19
46; 20
46; 20
46; 18
46; 21
46; 19
46; 14
45; 13
44; 16
47; 19
45; 15
46; 11
46; 17
46; 28
46; 38
45; 47
46; 53
47; 58
46; 59
46; 59
46; 56
46; 52
46; 49
45; 50
45; 48
45; 52
46; 42
46; 37
45; 38
44; 35
46; 37
46; 37
45; 32
46; 31
46; 33
45; 27
45; 20
46; 16
45; 13
45; 12
46; 8
44; 6
45; 6
46; 6
45; 6
45; 6
45; 6
45; 6
46; 6
44; 6
45; 6
46; 6
45; 6
45; 6
45; 8
44; 8
45; 6
44; 6
45; 6
45; 12
45; 20
45; 30
44; 36
45; 43
46; 51
45; 49
45; 46
45; 43
45; 44
45; 45
44; 39
45; 31
45; 26
45; 25
45; 31
45; 31
45; 28
45; 27
43; 27
45; 31
44; 30
45; 28
45; 28
45; 23
45; 22
45; 22
43; 15
45; 14
44; 16
45; 21
45; 21
44; 15
44; 15
45; 13
44; 17
46; 13
45; 9
44; 9
44; 10
45; 13
45; 16
44; 9
44; 10
45; 21
45; 14
44; 25
44; 22
45; 20
45; 27
44; 39
45; 49
44; 58
45; 60
45; 63
45; 68
45; 65
45; 59
43; 54
45; 51
44; 51
44; 51
44; 46
44; 45
45; 46
44; 48
45; 41
43; 45
44; 38
44; 34
44; 37
45; 35
44; 31
43; 29
45; 30
44; 30
44; 29
44; 25
44; 19
44; 20
44; 22
44; 20
44; 17
44; 17
44; 19
44; 25
44; 22
44; 21
44; 23
44; 25
44; 22
44; 26
44; 23
44; 21
44; 22
44; 27
44; 30
44; 26
44; 27
44; 30
44; 41
44; 50
44; 64
44; 57
44; 67
44; 71
44; 72
44; 67
44; 61
44; 50
44; 55
44; 47
44; 44
44; 39
44; 40
44; 42
44; 32
44; 42
44; 40
44; 31
44; 31
44; 23
44; 29
44; 20
44; 18
44; 17
44; 18
44; 13
44; 12
44; 12
45; 15
43; 13
44; 9
44; 7
44; 6
43; 8
42; 9
44; 6
43; 6
42; 6
42; 6
44; 8
44; 7
44; 6
44; 10
43; 6
43; 21
44; 27
44; 33
43; 37
44; 38
43; 45
43; 44
45; 40
43; 34
43; 30
43; 29
43; 23
44; 15
44; 19
44; 19
42; 15
43; 18
43; 17
43; 13
44; 17
44; 18
42; 16
44; 12
43; 10
43; 10
43; 11
43; 9
43; 7
43; 6
43; 6
43; 6
43; 6
42; 6
44; 6
43; 6
43; 6
43; 6
43; 6
43; 6
42; 6
42; 6
44; 6
43; 6
43; 6
43; 6
43; 6
43; 12
42; 24
43; 36
42; 47
43; 59
43; 61
43; 60
43; 58
43; 57
42; 53
41; 49
43; 44
43; 40
43; 40
42; 45
41; 45
44; 40
43; 37
43; 40
42; 41
43; 39
43; 37
41; 35
43; 31
43; 30
42; 23
43; 18
42; 11
42; 12
43; 13
41; 12
43; 9
42; 8
42; 9
42; 13
42; 12
43; 9
42; 10
41; 11
43; 11
41; 9
42; 8
42; 9
42; 12
43; 19
42; 17
42; 17
43; 20
42; 33
42; 43
42; 49
42; 52
43; 55
41; 57
43; 61
42; 62
42; 50
42; 55
42; 47
42; 48
43; 44
41; 41
43; 37
42; 37
42; 41
42; 40
42; 36
42; 35
42; 35
41; 37
43; 34
42; 30
42; 30
42; 26
42; 32
42; 28
42; 24
41; 24
42; 24
42; 26
42; 25
42; 24
42; 27
42; 27
42; 31
40; 30
42; 27
42; 26
42; 27
42; 30
42; 30
42; 27
42; 24
41; 24
41; 30
41; 33
42; 39
42; 48
42; 59
42; 70
41; 78
43; 83
42; 82
41; 84
42; 82
42; 75
42; 68
42; 63
41; 60
42; 58
43; 57
42; 52
42; 48
42; 46
42; 47
42; 44
42; 41
42; 40
40; 35
42; 31
41; 29
41; 24
42; 21
42; 20
40; 22
42; 21
40; 19
42; 20
42; 17
41; 22
42; 24
41; 22
41; 22
43; 23
41; 25
41; 23
40; 22
41; 20
42; 24
41; 32
42; 21
42; 41
41; 46
41; 49
41; 53
42; 51
42; 45
40; 42
42; 40
41; 42
41; 43
42; 37
41; 32
42; 32
41; 32
40; 30
42; 26
41; 26
41; 28
41; 33
41; 29
42; 22
41; 14
41; 8
42; 6
41; 7
41; 6
42; 6
41; 6
41; 6
41; 6
41; 6
42; 6
40; 6
42; 6
41; 6
41; 6
41; 6
41; 6
41; 6
42; 12
41; 15
42; 20
41; 28
41; 37
41; 42
41; 40
41; 38
42; 36
41; 39
41; 39
41; 38
41; 26
41; 31
39; 24
41; 20
41; 17
41; 18
41; 16
41; 16
41; 14
41; 12
39; 10
41; 9
40; 9
41; 10
40; 9
41; 7
41; 8
41; 10
41; 9
41; 7
39; 6
41; 6
41; 9
41; 8
40; 6
40; 6
41; 6
40; 6
41; 6
41; 6
39; 6
40; 6
41; 6
39; 11
41; 19
41; 26
40; 35
40; 43
41; 47
41; 47
40; 47
39; 45
40; 46
41; 44
40; 35
40; 41
40; 28
41; 34
41; 30
39; 35
41; 37
40; 44
41; 54
40; 65
40; 73
41; 79
40; 84
40; 84
