16; 30
13; 25
11; 24
11; 23
11; 23
11; 24
11; 26
11; 27
11; 26
11; 25
11; 26
11; 27
11; 28
11; 27
11; 25
11; 26
11; 28
11; 28
11; 27
11; 26
11; 26
11; 28
11; 28
11; 27
11; 26
11; 26
11; 28
11; 28
11; 27
11; 27
11; 26
11; 27
11; 28
12; 27
11; 26
11; 26
11; 27
11; 28
11; 27
11; 26
11; 26
11; 28
11; 28
11; 27
11; 27
11; 26
11; 27
11; 28
11; 28
11; 27
11; 26
11; 27
11; 28
11; 28
11; 26
11; 26
11; 27
11; 26
11; 28
11; 28
11; 28
11; 27
11; 26
11; 27
11; 29
11; 28
11; 26
11; 26
11; 27
11; 29
11; 28
11; 27
11; 26
11; 27
11; 28
11; 27
11; 27
11; 26
11; 27
11; 28
11; 28
11; 27
11; 26
11; 27
11; 29
11; 28
11; 27
11; 26
11; 27
11; 29
11; 28
11; 27
11; 26
11; 27
11; 29
11; 27
11; 27
11; 26
11; 27
11; 29
11; 28
11; 27
11; 26
11; 27
11; 29
11; 28
11; 26
11; 26
11; 27
11; 29
11; 28
11; 27
11; 26
11; 27
11; 28
11; 28
11; 26
11; 26
11; 27
11; 28
11; 28
11; 26
11; 23
11; 27
11; 29
11; 28
11; 27
11; 26
11; 27
11; 28
11; 28
11; 27
11; 26
11; 27
11; 28
11; 28
11; 27
11; 26
11; 27
11; 28
11; 28
11; 27
11; 26
11; 27
11; 28
11; 28
11; 27
11; 26
11; 27
11; 28
11; 28
11; 27
11; 26
11; 27
11; 28
11; 28
11; 27
11; 26
11; 27
11; 28
11; 28
11; 27
11; 26
11; 26
11; 28
11; 28
11; 27
11; 26
11; 26
11; 28
11; 28
11; 27
11; 26
11; 27
11; 28
11; 28
11; 27
11; 26
11; 27
11; 28
11; 28
11; 27
11; 26
11; 27
11; 28
11; 28
11; 27
11; 26
11; 26
11; 28
11; 28
11; 27
11; 27
11; 26
11; 28
11; 27
11; 27
11; 26
11; 27
11; 28
11; 28
11; 27
11; 26
11; 26
11; 28
11; 28
11; 27
11; 26
11; 26
11; 28
11; 28
11; 27
11; 26
11; 27
11; 28
11; 28
11; 27
11; 26
11; 26
11; 28
11; 28
11; 27
11; 26
11; 26
11; 28
11; 28
11; 27
11; 26
11; 26
11; 28
11; 28
11; 27
11; 26
11; 26
11; 28
11; 28
11; 27
11; 26
11; 26
11; 28
11; 28
11; 27
11; 26
11; 26
11; 27
11; 28
11; 27
11; 26
11; 26
11; 28
11; 28
11; 27
11; 26
11; 27
11; 28
11; 28
11; 27
11; 26
11; 26
11; 28
11; 28
11; 27
11; 26
11; 26
11; 28
11; 28
11; 27
11; 26
11; 26
11; 28
11; 28
11; 27
11; 26
11; 27
11; 28
11; 29
11; 27
11; 26
11; 26
11; 28
11; 28
11; 27
11; 27
11; 26
11; 27
11; 28
11; 27
11; 26
11; 26
11; 28
11; 28
11; 27
11; 26
11; 26
11; 28
11; 28
11; 27
11; 26
11; 26
11; 27
11; 28
11; 27
11; 26
11; 26
11; 27
11; 28
11; 28
11; 26
11; 26
11; 27
11; 28
11; 27
11; 26
11; 26
11; 28
11; 28
11; 27
11; 27
11; 26
11; 28
11; 29
11; 27
11; 26
11; 27
11; 26
11; 29
11; 27
11; 27
11; 26
11; 27
11; 29
11; 27
11; 26
11; 26
11; 28
11; 28
11; 27
11; 26
11; 26
11; 27
11; 28
11; 27
11; 26
11; 26
11; 27
11; 28
11; 26
11; 27
11; 26
11; 27
11; 29
11; 27
11; 26
11; 26
11; 27
11; 28
11; 27
11; 26
11; 26
11; 27
11; 28
11; 27
11; 26
11; 26
11; 27
11; 28
11; 27
11; 26
11; 26
11; 27
11; 28
11; 26
11; 27
11; 26
11; 29
11; 27
11; 28
11; 27
11; 26
11; 28
11; 28
11; 26
11; 28
11; 27
11; 26
11; 28
11; 27
11; 26
11; 26
11; 27
11; 29
11; 27
11; 26
11; 26
11; 27
11; 28
11; 27
11; 27
11; 27
11; 26
11; 28
11; 28
11; 27
11; 26
11; 27
11; 28
11; 27
11; 28
11; 26
11; 27
11; 28
11; 28
11; 27
11; 26
11; 27
11; 29
11; 28
11; 26
11; 26
11; 28
11; 27
11; 28
11; 26
11; 26
11; 27
11; 28
11; 28
11; 26
11; 27
11; 27
11; 28
11; 28
11; 26
11; 26
11; 27
11; 29
11; 28
11; 27
11; 27
11; 26
11; 28
11; 27
11; 26
11; 26
11; 27
11; 28
11; 28
11; 26
11; 26
11; 28
11; 27
11; 28
11; 27
11; 26
11; 27
11; 29
11; 27
11; 27
11; 26
11; 27
11; 28
11; 28
11; 26
11; 26
11; 27
11; 28
11; 28
11; 27
11; 27
11; 26
11; 28
11; 28
11; 27
11; 26
11; 27
11; 28
11; 28
11; 27
11; 26
11; 27
11; 28
11; 28
11; 27
11; 27
11; 26
11; 28
11; 28
11; 26
11; 27
11; 26
11; 28
11; 27
11; 27
11; 26
11; 27
11; 28
11; 28
11; 26
11; 27
11; 26
11; 28
11; 28
11; 26
11; 26
11; 26
11; 28
11; 28
11; 26
11; 26
11; 26
11; 28
11; 28
11; 26
11; 26
11; 27
11; 28
11; 28
11; 27
11; 26
11; 26
11; 28
11; 28
11; 27
11; 26
11; 28
11; 27
11; 28
11; 26
11; 27
11; 27
11; 28
11; 28
11; 27
11; 25
11; 26
11; 28
11; 28
11; 27
11; 26
11; 26
11; 28
11; 28
11; 26
11; 26
11; 26
11; 28
11; 28
11; 26
11; 26
11; 26
11; 28
11; 28
11; 27
11; 26
11; 26
11; 28
11; 26
11; 28
11; 26
11; 26
11; 28
11; 27
11; 28
11; 27
11; 27
11; 28
11; 28
11; 27
11; 26
11; 29
11; 27
11; 30
11; 28
11; 28
11; 30
11; 34
11; 33
11; 34
11; 33
11; 39
12; 44
11; 43
11; 46
11; 46
11; 57
11; 63
11; 62
11; 69
11; 68
11; 84
14; 76
11; 84
11; 92
11; 85
14; 99
11; 84
11; 103
11; 114
11; 108
13; 115
11; 109
8; 137
14; 144
15; 136
12; 154
11; 157
13; 195
15; 193
11; 193
11; 201
13; 201
13; 201
17; 201
11; 201
13; 201
13; 201
18; 201
13; 201
18; 201
11; 201
18; 201
16; 201
11; 201
16; 201
19; 201
13; 201
12; 201
17; 201
20; 201
18; 201
11; 201
19; 201
20; 201
18; 201
11; 201
18; 201
20; 201
18; 201
12; 201
19; 201
22; 201
22; 201
21; 201
11; 201
22; 201
21; 201
13; 201
22; 201
23; 201
19; 201
22; 201
16; 201
26; 201
23; 201
16; 201
25; 201
26; 201
24; 201
19; 201
26; 201
21; 201
24; 201
28; 201
25; 201
24; 201
29; 201
24; 201
29; 201
20; 201
26; 201
27; 201
30; 201
29; 201
21; 201
31; 201
32; 201
26; 201
25; 201
29; 201
35; 201
20; 201
31; 201
32; 201
31; 201
24; 201
33; 201
37; 201
23; 201
31; 201
33; 201
34; 201
25; 201
34; 201
39; 201
27; 201
34; 201
34; 201
36; 201
27; 201
41; 201
34; 201
28; 201
36; 201
36; 201
37; 201
30; 201
38; 201
42; 201
28; 201
38; 201
40; 201
39; 201
34; 201
39; 201
45; 201
42; 201
29; 201
43; 201
36; 201
39; 201
43; 201
43; 201
35; 201
44; 201
34; 201
45; 201
42; 201
42; 201
47; 201
42; 201
45; 201
39; 201
43; 201
44; 201
46; 201
38; 201
46; 201
52; 201
35; 201
49; 201
51; 201
40; 201
45; 201
51; 201
47; 201
45; 201
49; 201
46; 201
46; 201
50; 201
51; 201
43; 201
49; 201
54; 114
40; 147
54; 172
54; 126
43; 181
51; 165
56; 170
48; 134
52; 201
58; 189
44; 180
53; 201
56; 188
47; 200
54; 199
58; 201
54; 157
55; 201
58; 190
49; 142
56; 201
58; 146
50; 155
56; 160
59; 163
58; 100
62; 166
61; 144
49; 120
58; 192
62; 140
51; 172
58; 184
65; 201
55; 176
60; 201
67; 201
52; 201
64; 201
63; 201
55; 201
64; 201
66; 201
57; 201
64; 201
65; 201
60; 201
61; 201
66; 201
66; 201
69; 201
58; 201
66; 201
71; 201
60; 201
67; 201
73; 201
60; 201
71; 201
67; 201
68; 201
73; 201
62; 201
68; 198
73; 166
63; 127
69; 150
72; 74
66; 113
61; 6
74; 73
71; 6
74; 6
62; 6
72; 6
72; 6
67; 6
74; 6
74; 6
73; 6
78; 6
64; 6
76; 6
75; 6
69; 6
76; 6
70; 6
74; 6
79; 6
67; 6
75; 6
80; 6
68; 6
77; 6
70; 6
76; 6
79; 6
69; 6
78; 6
79; 6
72; 6
81; 6
79; 6
77; 47
84; 31
71; 60
83; 102
79; 49
79; 152
84; 89
73; 137
83; 143
83; 145
76; 163
85; 185
82; 131
82; 201
87; 168
76; 192
86; 200
79; 130
85; 201
87; 119
77; 181
87; 135
81; 118
85; 127
88; 123
79; 106
87; 155
87; 106
87; 172
93; 155
79; 171
92; 198
84; 129
90; 201
92; 148
83; 201
93; 181
83; 182
91; 195
95; 194
85; 195
95; 201
91; 169
92; 201
97; 135
84; 71
96; 6
83; 6
95; 6
92; 6
91; 43
97; 6
87; 30
94; 15
93; 11
95; 44
98; 39
89; 34
98; 68
97; 18
95; 85
101; 46
90; 80
101; 80
88; 60
101; 125
97; 49
97; 162
102; 88
91; 166
104; 133
91; 144
100; 153
102; 144
105; 172
96; 163
93; 134
99; 180
103; 122
101; 178
108; 150
105; 178
95; 163
94; 121
105; 200
106; 97
109; 98
102; 188
98; 157
109; 126
97; 132
106; 133
107; 114
103; 129
109; 127
101; 104
108; 142
110; 80
109; 130
113; 91
100; 118
114; 110
100; 66
113; 104
105; 13
110; 111
112; 18
106; 116
115; 61
105; 113
113; 98
106; 83
112; 100
114; 82
109; 92
115; 102
106; 70
114; 96
116; 25
113; 73
111; 49
119; 18
121; 25
106; 22
119; 49
106; 6
119; 49
112; 6
117; 46
118; 6
113; 45
122; 6
111; 26
122; 6
109; 6
119; 6
120; 6
118; 6
120; 6
114; 9
123; 17
114; 6
123; 33
117; 6
119; 42
120; 53
121; 6
125; 22
116; 53
129; 59
115; 48
124; 91
114; 18
126; 89
125; 6
123; 102
127; 6
120; 78
131; 6
117; 24
129; 6
116; 6
125; 6
128; 6
124; 6
123; 6
128; 6
130; 6
121; 6
130; 6
124; 6
125; 6
127; 6
127; 6
133; 6
124; 6
136; 6
132; 17
122; 6
121; 6
133; 45
122; 6
131; 60
132; 6
130; 64
134; 6
127; 54
137; 6
138; 6
127; 49
126; 55
135; 40
126; 40
132; 47
136; 26
133; 51
135; 39
131; 51
137; 47
131; 44
128; 35
140; 61
139; 75
133; 18
134; 71
139; 23
141; 24
137; 70
135; 61
143; 36
132; 53
146; 52
142; 201
150; 201
142; 201
144; 201
145; 201
145; 201
140; 201
142; 201
142; 201
141; 112
141; 15
141; 6
141; 6
141; 6
141; 6
141; 6
141; 6
140; 6
140; 6
140; 6
140; 6
140; 6
140; 6
139; 6
140; 6
139; 6
139; 6
139; 6
139; 6
140; 6
138; 6
140; 6
139; 6
138; 6
139; 6
138; 6
138; 6
139; 6
137; 6
138; 6
138; 6
138; 6
138; 6
138; 6
138; 6
137; 6
136; 6
138; 6
137; 6
137; 6
137; 6
137; 6
137; 6
137; 6
137; 6
136; 6
136; 6
137; 6
137; 6
136; 6
137; 6
136; 6
137; 6
136; 6
136; 6
136; 6
136; 6
136; 6
136; 6
134; 6
136; 6
135; 6
136; 6
136; 6
135; 6
136; 6
134; 6
135; 6
136; 6
135; 6
135; 6
135; 6
135; 6
135; 6
134; 6
135; 6
135; 6
135; 6
135; 6
135; 6
134; 6
133; 6
135; 6
134; 6
135; 6
134; 6
134; 6
135; 6
134; 6
135; 6
134; 6
134; 6
134; 6
135; 6
134; 6
134; 6
134; 6
135; 6
133; 6
134; 6
134; 6
134; 6
132; 6
134; 6
133; 6
133; 6
133; 6
133; 6
133; 6
133; 6
133; 6
133; 6
133; 6
132; 6
133; 6
133; 6
132; 6
133; 6
133; 6
133; 6
133; 6
132; 6
131; 6
133; 6
133; 6
132; 6
132; 6
132; 6
133; 6
131; 6
132; 6
132; 6
132; 6
132; 6
132; 6
132; 6
132; 6
131; 6
132; 6
131; 6
132; 6
131; 6
132; 6
132; 6
131; 6
130; 6
132; 6
130; 6
132; 6
131; 6
131; 6
132; 6
131; 6
131; 6
132; 6
131; 6
131; 6
131; 6
132; 6
131; 6
129; 6
131; 6
130; 6
131; 6
131; 6
131; 6
131; 6
131; 6
129; 6
131; 6
129; 6
131; 6
130; 6
131; 6
131; 6
130; 6
130; 6
131; 6
131; 6
130; 6
130; 6
130; 6
130; 6
128; 6
129; 6
130; 6
130; 6
129; 10
130; 6
130; 6
130; 6
129; 6
129; 6
130; 6
130; 6
129; 6
130; 6
130; 6
130; 6
129; 8
129; 6
129; 6
130; 6
129; 6
129; 6
129; 6
129; 6
129; 6
130; 8
128; 6
129; 13
128; 21
130; 20
129; 31
130; 35
129; 35
129; 29
129; 26
129; 29
130; 30
128; 22
129; 19
128; 15
129; 18
129; 22
129; 23
129; 28
129; 27
127; 27
129; 24
128; 20
128; 16
128; 16
129; 18
129; 22
127; 20
129; 16
128; 20
128; 21
128; 21
128; 17
128; 18
129; 18
127; 21
127; 18
128; 17
128; 12
128; 9
128; 6
128; 10
128; 9
126; 14
128; 18
128; 32
128; 39
128; 37
128; 30
128; 23
128; 23
126; 20
128; 19
127; 15
127; 13
127; 12
127; 17
128; 13
127; 13
127; 16
128; 17
127; 19
127; 18
127; 12
127; 11
127; 16
128; 14
126; 16
127; 17
127; 13
127; 13
127; 15
127; 12
127; 8
126; 6
127; 6
127; 11
127; 9
127; 6
127; 6
127; 14
127; 10
126; 14
126; 13
127; 17
127; 24
127; 33
126; 32
126; 30
126; 21
126; 19
126; 14
126; 8
126; 6
126; 7
126; 12
126; 14
126; 13
126; 14
126; 13
126; 20
126; 20
126; 24
126; 17
126; 13
126; 17
126; 16
126; 10
125; 16
126; 12
126; 15
126; 12
125; 15
125; 14
125; 17
126; 17
125; 20
125; 21
126; 14
126; 15
125; 19
124; 17
125; 19
125; 18
125; 32
125; 21
125; 47
125; 43
125; 44
124; 36
126; 39
125; 37
125; 29
125; 20
125; 14
125; 13
125; 16
124; 16
125; 18
125; 17
125; 28
125; 22
125; 22
125; 19
123; 17
125; 19
124; 21
124; 22
124; 23
124; 21
125; 23
124; 24
123; 22
124; 16
125; 19
124; 19
124; 15
124; 16
124; 13
124; 14
124; 15
124; 14
125; 17
124; 12
124; 15
124; 22
124; 35
124; 44
122; 44
124; 46
124; 45
124; 47
124; 34
124; 44
124; 32
123; 33
123; 31
124; 23
123; 23
123; 25
124; 20
124; 28
124; 29
123; 20
123; 19
123; 19
124; 17
123; 14
123; 10
123; 6
123; 6
122; 8
123; 12
122; 6
123; 7
124; 6
123; 8
123; 6
121; 10
123; 6
124; 13
123; 17
123; 21
122; 16
123; 14
123; 18
122; 21
123; 26
123; 30
123; 33
123; 45
123; 50
123; 50
123; 45
122; 38
122; 33
122; 34
122; 31
122; 23
122; 18
122; 20
123; 23
121; 26
122; 23
121; 22
122; 23
122; 25
122; 21
122; 24
121; 19
122; 19
123; 25
121; 22
122; 20
121; 17
122; 19
122; 21
121; 17
121; 14
123; 9
122; 13
122; 16
122; 19
122; 19
122; 22
120; 22
121; 28
121; 30
122; 28
121; 32
121; 37
122; 49
122; 55
120; 55
122; 49
121; 51
122; 49
121; 44
121; 39
121; 35
122; 35
120; 31
121; 32
122; 27
121; 30
121; 41
121; 37
121; 42
121; 37
121; 33
121; 35
121; 34
121; 30
120; 28
121; 23
121; 24
121; 26
119; 26
121; 22
120; 16
121; 16
121; 13
120; 12
121; 10
119; 9
121; 12
121; 18
120; 17
120; 16
120; 15
120; 18
121; 23
119; 27
120; 34
121; 36
120; 38
120; 40
120; 36
120; 29
120; 26
119; 26
120; 26
119; 24
120; 21
119; 18
120; 22
121; 27
119; 32
118; 25
120; 20
119; 17
120; 23
119; 18
119; 22
120; 18
119; 22
120; 27
118; 25
119; 20
119; 20
119; 23
119; 26
119; 25
118; 25
120; 23
119; 25
119; 23
119; 24
119; 25
119; 20
119; 22
119; 35
118; 27
118; 40
119; 46
119; 55
119; 63
119; 60
118; 54
119; 46
120; 46
119; 46
119; 34
118; 31
119; 27
119; 25
118; 30
119; 26
119; 25
119; 27
118; 25
119; 31
118; 28
119; 26
118; 22
118; 19
119; 18
118; 16
118; 19
118; 16
118; 21
119; 26
118; 27
119; 25
118; 25
119; 28
118; 30
118; 31
118; 29
118; 26
117; 25
118; 28
118; 26
118; 24
118; 29
118; 36
119; 47
118; 50
118; 46
117; 50
118; 38
118; 31
118; 35
118; 22
118; 17
118; 15
117; 17
118; 11
117; 14
118; 9
118; 17
118; 17
118; 19
117; 19
118; 13
118; 18
118; 21
117; 23
117; 21
117; 19
117; 22
117; 26
118; 27
117; 22
117; 22
117; 21
117; 29
118; 31
117; 28
116; 23
118; 22
117; 25
117; 25
117; 20
117; 21
118; 29
117; 42
117; 52
117; 50
117; 48
117; 48
117; 47
117; 33
115; 26
117; 42
116; 26
116; 27
117; 29
116; 27
116; 25
116; 29
117; 29
115; 27
116; 21
116; 18
117; 25
117; 23
116; 24
117; 19
116; 18
116; 18
117; 21
117; 22
116; 22
116; 17
116; 18
116; 20
116; 21
114; 21
116; 19
116; 20
116; 20
116; 20
116; 18
116; 15
116; 25
114; 37
116; 46
116; 44
116; 44
116; 45
116; 39
116; 43
115; 37
116; 33
115; 34
116; 30
116; 25
115; 22
116; 18
116; 23
114; 26
116; 19
115; 24
116; 27
115; 17
115; 18
115; 13
115; 11
116; 19
116; 13
115; 17
115; 16
115; 13
115; 14
115; 11
115; 18
114; 18
115; 15
116; 16
115; 16
115; 16
115; 14
115; 11
114; 14
115; 22
115; 34
115; 43
115; 50
115; 52
115; 52
115; 50
113; 47
115; 46
114; 44
115; 42
115; 33
115; 39
115; 27
114; 23
114; 21
115; 24
114; 24
114; 24
114; 16
114; 19
114; 20
114; 20
114; 23
114; 25
115; 22
114; 26
114; 24
114; 19
115; 18
114; 15
114; 19
114; 20
114; 18
114; 16
114; 15
114; 14
114; 12
113; 10
114; 9
113; 12
114; 27
114; 37
114; 43
114; 45
115; 46
114; 40
114; 45
114; 47
114; 38
114; 35
114; 40
114; 38
114; 31
112; 25
114; 24
114; 29
114; 27
113; 28
113; 17
114; 17
113; 19
114; 21
114; 17
113; 16
113; 13
113; 11
114; 15
113; 13
112; 16
114; 16
113; 19
114; 22
113; 15
113; 10
113; 14
114; 20
111; 18
113; 16
113; 18
113; 20
113; 28
113; 36
113; 31
113; 48
111; 55
113; 64
112; 62
113; 55
113; 48
113; 44
113; 42
112; 39
111; 36
113; 29
112; 27
113; 31
113; 26
113; 30
113; 27
111; 30
113; 27
111; 22
112; 13
112; 15
112; 16
112; 20
112; 19
111; 19
112; 17
111; 14
112; 19
112; 14
112; 12
112; 11
112; 12
111; 14
112; 12
111; 11
112; 8
112; 8
112; 24
112; 15
111; 31
111; 38
113; 41
112; 46
112; 45
111; 45
112; 42
111; 42
112; 39
112; 37
111; 29
111; 24
111; 20
111; 26
111; 27
111; 27
111; 23
111; 20
112; 20
112; 16
111; 11
111; 15
111; 10
111; 13
110; 10
111; 11
111; 10
111; 12
111; 15
111; 16
111; 11
111; 8
110; 9
111; 13
111; 13
111; 13
111; 11
110; 14
111; 14
111; 21
110; 26
111; 33
111; 49
111; 40
111; 47
111; 41
111; 40
111; 40
111; 40
110; 39
110; 34
111; 33
110; 27
111; 32
110; 29
111; 31
111; 27
110; 25
111; 26
111; 27
111; 19
110; 22
111; 18
110; 20
111; 20
110; 17
110; 14
110; 14
110; 15
111; 12
110; 12
110; 6
111; 10
110; 13
110; 13
110; 10
110; 6
110; 9
109; 16
109; 23
110; 44
110; 33
110; 52
110; 55
110; 54
110; 51
108; 47
108; 50
110; 54
110; 49
110; 45
110; 40
110; 39
109; 40
108; 37
108; 41
109; 33
110; 29
109; 25
109; 21
110; 14
109; 8
109; 12
109; 18
109; 18
109; 16
109; 20
109; 14
109; 22
109; 21
108; 24
109; 19
108; 22
109; 29
109; 29
110; 23
108; 19
109; 19
108; 21
108; 24
109; 37
109; 30
109; 50
109; 56
110; 57
108; 51
109; 51
109; 52
108; 54
109; 56
108; 50
108; 43
109; 48
107; 45
108; 43
109; 35
109; 37
108; 33
108; 30
108; 26
108; 19
107; 14
109; 15
108; 17
108; 13
108; 11
108; 7
107; 6
108; 12
107; 12
109; 12
108; 10
109; 11
108; 11
108; 10
108; 10
107; 7
108; 9
108; 10
108; 15
108; 19
108; 23
108; 34
108; 43
106; 48
108; 47
107; 44
108; 42
107; 45
107; 44
108; 40
108; 35
106; 33
108; 36
107; 34
107; 32
107; 25
107; 24
108; 21
107; 20
107; 14
107; 12
108; 11
106; 15
107; 16
107; 11
107; 11
107; 14
107; 21
107; 18
108; 18
107; 14
108; 15
107; 14
106; 16
107; 13
107; 14
107; 14
107; 17
107; 18
107; 16
107; 23
107; 32
107; 45
107; 50
107; 51
107; 48
107; 46
107; 46
107; 45
107; 41
107; 41
106; 37
107; 39
106; 36
107; 37
107; 36
106; 39
106; 32
107; 35
106; 24
106; 20
106; 22
106; 20
106; 21
106; 19
106; 21
106; 20
106; 20
106; 15
106; 12
106; 10
106; 14
106; 19
106; 19
106; 17
106; 14
106; 13
106; 15
106; 13
106; 12
106; 18
106; 30
106; 47
106; 49
106; 48
106; 42
106; 44
106; 40
106; 34
106; 41
106; 35
106; 38
106; 36
106; 31
106; 31
105; 31
106; 35
105; 39
105; 34
105; 30
105; 25
106; 19
105; 19
105; 19
104; 13
105; 10
105; 13
105; 16
106; 18
105; 18
105; 20
106; 20
105; 26
105; 23
105; 22
105; 19
105; 23
105; 19
105; 15
106; 10
105; 12
105; 18
105; 29
105; 43
104; 52
105; 49
106; 59
106; 57
105; 58
105; 57
105; 56
105; 56
104; 50
105; 43
104; 35
105; 39
104; 35
105; 36
105; 36
105; 27
104; 21
105; 19
105; 21
103; 18
105; 15
104; 15
105; 19
104; 26
104; 25
105; 23
104; 20
103; 25
104; 25
104; 23
104; 18
104; 22
104; 20
104; 22
105; 23
102; 15
105; 12
104; 9
104; 15
104; 17
104; 26
104; 32
104; 38
103; 43
105; 52
104; 58
104; 54
104; 45
104; 41
104; 50
104; 36
104; 31
103; 32
104; 35
103; 34
104; 31
104; 29
104; 32
104; 32
104; 32
103; 29
103; 30
103; 30
103; 30
104; 30
103; 26
104; 28
104; 29
103; 29
103; 24
103; 24
103; 24
104; 25
102; 26
104; 27
103; 26
103; 24
103; 22
103; 27
103; 33
103; 40
103; 46
102; 54
104; 57
104; 58
102; 53
104; 49
104; 46
103; 47
102; 38
102; 30
102; 22
102; 25
103; 29
103; 29
103; 22
102; 19
102; 18
103; 22
102; 22
102; 26
103; 30
103; 37
102; 43
103; 43
101; 38
103; 34
102; 33
103; 36
102; 34
102; 31
103; 26
102; 23
102; 24
103; 17
102; 10
102; 12
102; 15
102; 24
103; 35
102; 34
102; 36
103; 39
102; 43
102; 43
102; 40
102; 32
103; 32
101; 30
103; 24
102; 19
102; 19
102; 22
102; 24
102; 20
102; 14
100; 11
102; 8
101; 12
102; 6
102; 7
102; 6
102; 6
101; 6
102; 6
101; 6
100; 6
102; 6
102; 7
102; 6
101; 6
101; 6
102; 6
102; 6
100; 6
102; 6
101; 15
101; 27
102; 41
100; 45
102; 48
101; 50
101; 49
101; 52
101; 52
102; 45
101; 42
100; 41
102; 39
101; 33
101; 24
101; 23
101; 27
101; 28
100; 28
100; 23
102; 18
101; 19
101; 20
100; 15
101; 11
101; 9
101; 19
101; 19
99; 17
101; 15
100; 11
101; 17
101; 14
100; 15
99; 8
101; 6
100; 14
101; 18
100; 18
100; 21
100; 29
101; 39
100; 49
101; 49
101; 50
101; 48
100; 55
101; 53
101; 49
100; 56
99; 42
100; 40
101; 40
100; 34
100; 31
100; 29
101; 29
100; 29
99; 25
101; 21
100; 19
100; 20
100; 19
100; 18
101; 16
99; 13
99; 14
100; 15
99; 12
100; 13
100; 11
100; 12
100; 12
100; 8
100; 6
99; 6
100; 6
99; 10
99; 7
100; 8
99; 6
98; 20
100; 32
99; 45
99; 39
99; 47
100; 48
100; 47
99; 47
99; 44
100; 40
99; 38
99; 38
99; 34
100; 28
99; 30
99; 29
99; 35
100; 35
99; 29
99; 31
99; 30
99; 25
99; 20
98; 15
99; 15
99; 17
99; 20
99; 18
99; 15
99; 17
99; 19
98; 18
99; 16
98; 13
99; 12
99; 14
99; 12
99; 12
98; 12
98; 12
99; 15
99; 21
98; 24
99; 30
99; 40
98; 58
99; 52
99; 55
98; 53
99; 49
99; 47
98; 51
98; 47
99; 47
98; 43
97; 44
100; 45
98; 40
99; 34
98; 35
98; 37
97; 34
99; 38
98; 25
99; 19
98; 23
98; 23
97; 23
98; 17
98; 18
97; 19
98; 19
98; 19
98; 21
98; 21
98; 21
97; 11
98; 16
96; 7
97; 11
98; 6
98; 16
98; 13
98; 12
98; 16
98; 32
97; 47
98; 54
97; 56
97; 55
98; 56
98; 56
98; 54
96; 53
98; 49
98; 50
98; 49
98; 45
98; 45
98; 45
98; 48
96; 48
98; 44
97; 37
97; 30
97; 31
97; 31
98; 31
97; 26
98; 25
98; 27
97; 25
97; 15
97; 15
97; 20
98; 16
96; 19
97; 17
98; 16
97; 11
97; 11
97; 13
97; 9
97; 9
96; 11
97; 20
97; 32
97; 41
97; 43
97; 47
97; 46
97; 49
95; 43
97; 38
96; 36
97; 35
96; 32
96; 29
97; 26
96; 26
96; 30
97; 31
96; 24
96; 19
96; 11
96; 13
96; 10
96; 7
95; 8
95; 6
97; 6
96; 6
96; 6
96; 6
97; 7
96; 13
96; 12
96; 8
94; 6
95; 6
96; 9
96; 9
96; 8
95; 8
94; 7
97; 14
96; 22
94; 34
96; 44
96; 52
95; 55
96; 57
96; 53
95; 49
96; 45
96; 43
96; 45
96; 41
96; 36
94; 33
96; 36
95; 38
95; 38
95; 37
96; 34
95; 34
95; 30
94; 29
96; 25
95; 20
95; 19
95; 17
95; 14
95; 11
94; 15
95; 18
96; 18
95; 16
95; 13
95; 14
95; 14
95; 18
94; 16
95; 14
95; 13
94; 12
95; 18
95; 19
95; 26
95; 36
95; 50
95; 56
95; 57
95; 52
95; 50
95; 54
95; 53
95; 52
94; 48
95; 45
96; 47
94; 42
95; 37
95; 34
95; 35
94; 36
95; 36
94; 31
95; 26
94; 22
94; 19
94; 19
94; 15
93; 13
95; 11
94; 12
94; 14
93; 6
94; 8
94; 6
95; 11
93; 11
95; 9
93; 10
94; 12
94; 16
94; 18
94; 12
94; 10
93; 15
94; 28
95; 44
94; 49
94; 55
94; 56
94; 63
94; 66
93; 60
95; 57
94; 56
94; 55
94; 51
94; 52
94; 49
94; 48
94; 47
93; 49
94; 38
94; 43
94; 39
94; 40
94; 37
93; 27
94; 24
94; 24
94; 24
93; 15
93; 19
93; 12
94; 15
92; 18
93; 15
94; 12
94; 8
93; 9
93; 13
93; 15
93; 15
92; 13
94; 11
93; 11
93; 15
93; 21
93; 29
94; 40
93; 48
94; 54
92; 53
93; 51
93; 48
94; 51
93; 50
94; 48
92; 44
93; 45
94; 45
93; 45
93; 44
93; 41
94; 37
93; 35
91; 29
93; 21
92; 11
93; 11
93; 9
93; 12
93; 13
93; 11
91; 11
94; 15
92; 15
92; 11
92; 9
93; 8
93; 9
93; 8
92; 7
93; 6
91; 6
92; 6
92; 12
92; 40
92; 7
93; 25
91; 49
93; 48
92; 39
92; 45
92; 42
92; 42
93; 42
91; 40
92; 38
93; 38
92; 35
92; 34
92; 34
92; 31
92; 32
91; 31
92; 25
91; 19
92; 12
92; 13
92; 10
92; 6
91; 6
92; 6
92; 6
91; 6
92; 8
92; 7
91; 10
92; 12
91; 14
90; 11
92; 11
91; 11
91; 13
91; 14
92; 19
91; 14
91; 30
91; 46
92; 58
92; 65
91; 64
91; 60
92; 57
92; 56
90; 54
92; 49
91; 41
91; 38
91; 37
91; 34
91; 32
91; 31
90; 35
92; 35
91; 28
91; 19
91; 13
91; 15
92; 19
90; 16
90; 10
92; 9
91; 12
91; 12
91; 10
91; 7
91; 10
91; 6
91; 9
91; 6
89; 6
91; 6
91; 6
90; 6
90; 6
91; 6
91; 6
90; 16
91; 29
90; 40
91; 47
91; 50
89; 52
90; 52
90; 48
91; 53
91; 49
91; 50
90; 49
90; 47
90; 40
90; 38
91; 36
90; 40
90; 38
90; 34
90; 30
90; 29
90; 28
90; 25
90; 21
90; 21
90; 23
90; 27
90; 24
90; 20
90; 20
90; 21
90; 20
90; 19
90; 15
90; 16
90; 14
90; 15
89; 10
90; 9
90; 6
90; 12
90; 19
90; 26
90; 33
90; 43
90; 50
90; 54
90; 54
90; 54
89; 50
90; 48
90; 50
90; 47
89; 43
89; 44
90; 44
90; 44
89; 42
90; 42
89; 41
90; 39
88; 38
90; 32
89; 27
89; 28
89; 26
89; 24
89; 18
88; 13
90; 15
89; 17
89; 17
89; 12
89; 8
89; 14
89; 8
87; 13
89; 9
88; 6
89; 7
89; 11
89; 11
89; 14
88; 22
88; 35
90; 48
89; 52
89; 47
89; 39
89; 42
90; 47
89; 46
89; 38
89; 39
89; 38
89; 40
89; 35
89; 31
89; 31
87; 33
89; 36
88; 37
88; 29
88; 28
88; 29
89; 29
89; 29
88; 22
88; 27
89; 22
89; 21
88; 20
88; 14
88; 11
89; 10
87; 13
89; 16
88; 15
88; 13
88; 11
88; 14
89; 14
88; 15
89; 22
89; 29
88; 40
88; 46
88; 45
88; 45
89; 43
88; 43
87; 42
88; 31
88; 33
89; 39
88; 32
88; 33
88; 34
87; 33
88; 35
88; 38
88; 36
88; 30
88; 24
88; 26
88; 28
87; 11
86; 22
88; 16
88; 12
88; 12
87; 13
88; 11
87; 11
86; 14
88; 16
87; 15
87; 10
87; 11
88; 11
87; 10
86; 11
88; 11
86; 8
87; 21
87; 34
87; 45
87; 53
88; 54
86; 52
88; 53
85; 51
87; 52
87; 48
87; 48
87; 46
87; 42
86; 38
87; 39
87; 39
87; 41
87; 38
87; 35
87; 34
87; 35
86; 30
87; 27
87; 23
86; 22
87; 20
87; 22
87; 20
86; 16
86; 17
87; 21
87; 17
86; 20
86; 16
86; 16
87; 18
87; 19
85; 17
86; 13
85; 6
86; 9
86; 14
86; 24
87; 35
86; 43
86; 51
87; 60
86; 59
86; 49
86; 44
86; 47
86; 50
86; 48
86; 43
87; 36
86; 39
87; 37
86; 38
86; 38
86; 39
84; 38
87; 36
86; 31
86; 28
86; 24
86; 24
86; 28
85; 26
84; 21
86; 19
87; 18
86; 22
86; 19
86; 14
86; 16
85; 17
86; 18
86; 20
86; 15
85; 10
85; 10
86; 10
86; 8
84; 12
86; 22
85; 36
85; 48
85; 46
85; 46
86; 45
86; 51
84; 50
86; 47
85; 44
85; 42
85; 42
86; 42
85; 39
86; 43
85; 35
86; 35
85; 31
85; 25
85; 30
86; 15
84; 19
85; 16
85; 16
85; 16
85; 14
85; 18
85; 23
85; 20
83; 15
85; 17
85; 16
84; 20
85; 22
85; 16
85; 13
85; 13
84; 13
84; 14
85; 17
84; 24
85; 35
85; 50
85; 57
85; 61
85; 64
84; 65
85; 64
85; 59
85; 62
85; 53
85; 44
85; 47
85; 38
83; 34
85; 34
84; 33
85; 33
85; 30
84; 25
84; 22
84; 23
85; 23
84; 18
83; 25
84; 14
84; 15
84; 17
85; 20
84; 18
84; 16
85; 17
84; 13
84; 13
84; 11
84; 9
82; 11
84; 9
84; 12
84; 8
84; 13
84; 25
84; 37
85; 42
84; 45
82; 45
85; 43
84; 40
84; 38
84; 39
84; 35
84; 38
84; 42
85; 39
84; 41
84; 39
84; 38
84; 35
84; 40
84; 35
84; 33
84; 34
84; 31
84; 28
83; 27
84; 28
84; 26
84; 26
84; 23
84; 19
83; 18
83; 24
84; 29
83; 25
83; 11
84; 16
82; 12
84; 15
83; 12
83; 8
83; 6
83; 14
83; 40
82; 34
84; 26
84; 43
84; 46
83; 45
83; 38
83; 35
84; 35
82; 37
84; 40
83; 34
82; 37
83; 32
83; 32
83; 35
83; 34
82; 32
82; 31
84; 34
82; 35
83; 30
83; 28
83; 27
84; 30
82; 30
83; 26
82; 22
83; 16
83; 14
82; 15
83; 12
82; 10
81; 11
83; 12
82; 12
82; 14
82; 9
82; 11
83; 9
82; 12
81; 19
83; 29
82; 37
82; 43
83; 45
82; 43
83; 41
81; 43
81; 45
83; 46
82; 45
82; 41
82; 37
82; 34
83; 38
81; 35
83; 35
83; 37
82; 36
82; 30
82; 34
82; 24
82; 24
81; 19
83; 20
81; 14
82; 14
82; 14
82; 13
82; 16
81; 15
82; 8
81; 13
82; 10
82; 13
82; 13
82; 9
82; 7
81; 9
82; 11
82; 13
81; 21
82; 31
82; 41
82; 47
82; 47
80; 43
82; 41
81; 43
82; 45
81; 41
82; 35
82; 32
81; 31
80; 29
81; 29
82; 30
81; 31
81; 33
81; 33
82; 32
81; 28
81; 28
81; 34
82; 31
81; 30
81; 28
81; 25
81; 27
79; 23
81; 28
82; 21
81; 20
81; 22
81; 23
81; 19
81; 15
80; 11
80; 8
81; 10
81; 10
81; 16
81; 28
81; 40
82; 51
81; 50
81; 49
81; 49
81; 48
81; 50
81; 48
81; 44
81; 40
81; 42
81; 43
80; 43
81; 38
81; 40
81; 43
81; 41
79; 39
79; 38
82; 34
80; 31
81; 31
80; 27
81; 22
81; 21
80; 22
80; 26
81; 23
80; 22
81; 20
81; 21
81; 18
81; 12
79; 8
81; 6
81; 13
81; 9
80; 8
80; 6
80; 8
81; 17
81; 35
79; 27
80; 45
80; 47
80; 48
80; 50
81; 45
80; 39
79; 34
81; 33
80; 33
80; 28
80; 27
80; 25
81; 28
79; 32
79; 29
80; 26
80; 26
80; 23
80; 26
80; 21
78; 16
80; 16
80; 19
79; 22
79; 20
80; 18
79; 19
80; 20
79; 22
78; 19
80; 19
79; 14
79; 16
79; 16
79; 11
79; 12
80; 10
78; 10
80; 17
80; 25
79; 44
79; 36
79; 52
79; 56
79; 51
80; 48
80; 46
79; 49
79; 51
79; 47
79; 44
79; 41
79; 42
79; 48
80; 49
79; 47
79; 43
79; 41
79; 44
80; 41
79; 33
79; 28
79; 24
79; 23
79; 20
79; 16
79; 15
79; 15
78; 15
79; 14
79; 9
79; 6
78; 12
78; 6
78; 12
79; 11
79; 8
77; 9
79; 8
79; 7
79; 16
79; 27
79; 38
78; 45
78; 47
79; 44
79; 42
79; 40
79; 44
79; 44
79; 40
77; 37
79; 37
79; 36
79; 36
79; 39
78; 37
79; 40
79; 38
78; 34
79; 29
78; 22
78; 22
78; 23
78; 23
78; 16
78; 16
77; 18
79; 19
78; 15
79; 14
78; 10
78; 11
79; 14
77; 10
78; 6
77; 7
78; 6
78; 8
76; 6
78; 6
78; 10
77; 18
78; 26
78; 32
78; 37
78; 41
78; 47
78; 45
78; 39
77; 37
77; 37
79; 36
78; 35
78; 33
78; 29
79; 33
78; 29
77; 38
78; 39
78; 34
78; 29
78; 27
78; 26
78; 23
77; 16
76; 20
77; 20
78; 19
78; 16
77; 13
77; 12
77; 15
77; 19
76; 17
78; 13
77; 11
77; 14
77; 15
77; 14
78; 10
77; 9
77; 13
78; 19
77; 27
77; 38
77; 45
77; 51
78; 55
76; 49
77; 46
77; 43
77; 46
77; 45
77; 40
77; 49
77; 37
75; 38
78; 42
76; 36
77; 34
77; 30
77; 31
78; 30
77; 31
76; 28
77; 25
76; 27
76; 27
77; 25
76; 21
77; 20
76; 22
76; 23
77; 24
77; 18
76; 14
76; 13
77; 14
77; 13
75; 14
77; 13
76; 14
76; 20
76; 17
76; 26
77; 33
77; 47
75; 54
77; 53
76; 52
76; 50
76; 49
77; 50
76; 48
75; 45
76; 42
77; 43
76; 42
76; 41
76; 40
76; 39
76; 39
76; 34
76; 39
76; 28
76; 24
76; 22
76; 24
76; 25
76; 15
76; 22
76; 19
76; 17
76; 20
76; 19
76; 19
76; 18
76; 21
76; 20
76; 15
76; 11
76; 10
76; 11
76; 16
76; 12
76; 25
76; 35
76; 42
75; 45
75; 45
76; 41
76; 42
76; 43
76; 39
75; 35
76; 33
76; 32
75; 34
76; 32
76; 33
75; 32
75; 34
76; 35
75; 31
75; 26
75; 22
75; 21
76; 22
76; 23
74; 24
74; 25
76; 24
75; 25
75; 21
75; 15
75; 17
75; 15
74; 21
76; 18
76; 13
75; 12
75; 13
75; 14
75; 22
74; 31
75; 16
75; 43
75; 49
75; 50
75; 45
75; 42
74; 43
76; 39
75; 42
74; 40
75; 35
75; 36
75; 35
75; 34
75; 38
74; 36
75; 35
75; 35
75; 31
75; 27
75; 25
75; 26
75; 26
73; 23
74; 20
75; 22
75; 21
74; 20
75; 23
74; 15
75; 16
73; 16
74; 19
75; 17
75; 14
75; 13
74; 16
74; 15
74; 19
73; 22
75; 33
74; 45
74; 58
75; 54
75; 53
75; 51
74; 51
73; 51
74; 47
74; 43
74; 38
74; 36
74; 37
74; 35
74; 30
73; 32
75; 34
74; 36
74; 32
74; 28
74; 22
75; 25
73; 29
75; 31
74; 34
74; 33
74; 30
74; 28
74; 25
74; 24
72; 26
74; 25
74; 24
74; 20
74; 18
74; 15
73; 17
73; 15
74; 17
75; 15
73; 22
74; 35
74; 49
74; 53
74; 50
74; 46
73; 45
74; 40
75; 44
74; 36
74; 36
74; 38
74; 36
74; 28
72; 33
74; 30
74; 43
74; 33
73; 42
73; 35
74; 32
72; 32
73; 27
74; 31
73; 24
73; 25
73; 25
74; 29
73; 28
72; 27
74; 23
73; 26
74; 31
73; 35
74; 34
73; 34
72; 34
73; 31
73; 26
73; 26
73; 23
73; 26
73; 34
74; 38
73; 42
72; 44
74; 43
73; 42
73; 34
73; 38
73; 30
73; 31
72; 32
72; 29
72; 22
73; 22
74; 22
73; 24
73; 21
72; 18
72; 17
73; 20
73; 20
74; 20
73; 18
73; 17
73; 16
73; 17
73; 11
71; 14
72; 13
72; 14
73; 12
72; 8
73; 7
72; 6
73; 6
73; 6
71; 6
73; 6
72; 6
72; 9
73; 20
72; 25
72; 30
72; 34
73; 31
72; 35
73; 33
72; 32
71; 30
72; 30
71; 31
72; 30
72; 30
72; 28
72; 32
73; 37
72; 35
73; 29
71; 31
72; 26
72; 26
72; 25
72; 19
72; 14
71; 15
71; 20
73; 24
72; 23
72; 23
72; 25
72; 24
72; 19
70; 16
72; 14
72; 15
72; 14
71; 6
72; 12
71; 6
71; 6
70; 10
72; 17
71; 25
72; 32
72; 37
72; 42
72; 44
71; 42
71; 39
72; 39
71; 38
72; 34
71; 30
71; 28
72; 26
72; 30
70; 30
72; 31
71; 31
72; 36
71; 37
71; 34
72; 31
71; 29
70; 32
72; 31
71; 27
71; 26
71; 28
71; 27
72; 26
71; 24
70; 19
72; 21
71; 23
72; 21
71; 19
71; 16
71; 12
70; 13
71; 15
72; 18
71; 24
71; 44
71; 53
70; 51
71; 31
71; 52
71; 47
71; 50
71; 48
71; 47
71; 44
71; 39
71; 38
70; 36
72; 34
71; 30
71; 32
71; 35
71; 37
71; 31
70; 25
70; 21
71; 26
71; 28
71; 19
71; 16
71; 22
71; 21
69; 23
71; 20
70; 19
70; 19
71; 24
70; 25
71; 20
70; 16
71; 14
69; 12
70; 15
70; 12
70; 8
70; 10
71; 20
70; 30
69; 38
71; 44
71; 46
70; 47
70; 43
70; 40
71; 35
70; 35
70; 38
71; 37
70; 36
70; 35
70; 35
70; 38
70; 43
69; 42
70; 38
71; 41
70; 39
70; 42
70; 41
70; 37
71; 34
70; 35
70; 32
71; 27
70; 24
70; 24
70; 25
70; 24
70; 22
68; 19
70; 18
70; 23
70; 20
69; 15
70; 14
70; 14
70; 12
68; 16
70; 23
69; 31
70; 42
70; 44
70; 35
70; 43
69; 39
71; 39
69; 38
68; 39
69; 34
70; 37
70; 33
70; 35
69; 35
70; 36
70; 35
69; 34
70; 33
69; 31
69; 29
70; 27
69; 27
70; 30
69; 31
69; 26
69; 23
69; 25
70; 27
69; 27
68; 25
70; 19
69; 18
69; 16
69; 14
69; 8
69; 6
69; 6
69; 6
70; 8
68; 6
69; 11
69; 20
69; 30
70; 37
68; 35
68; 31
70; 27
70; 29
69; 30
69; 26
69; 25
69; 26
67; 28
70; 33
69; 30
68; 31
69; 33
69; 38
69; 28
69; 33
67; 26
69; 28
69; 30
69; 31
69; 28
69; 22
69; 23
68; 29
69; 32
70; 29
69; 24
69; 24
69; 24
68; 21
68; 16
68; 14
67; 13
69; 18
68; 18
68; 16
68; 15
68; 15
69; 22
68; 32
68; 37
69; 36
68; 35
68; 39
68; 36
68; 34
69; 29
67; 29
68; 31
68; 26
68; 29
68; 23
68; 24
68; 31
68; 34
68; 33
69; 34
68; 34
67; 34
68; 34
68; 30
68; 27
68; 27
69; 28
66; 27
68; 28
68; 27
68; 27
68; 25
68; 22
67; 19
67; 12
68; 9
68; 13
67; 17
67; 15
68; 13
68; 12
66; 14
68; 14
68; 15
68; 18
68; 31
68; 43
68; 41
66; 36
68; 46
68; 29
67; 29
67; 29
68; 25
67; 26
68; 26
68; 28
68; 31
66; 27
67; 33
67; 34
68; 36
67; 36
68; 32
66; 28
67; 26
68; 30
67; 30
67; 30
67; 28
67; 26
68; 30
66; 32
67; 27
67; 25
67; 26
67; 29
67; 26
67; 23
67; 21
66; 23
68; 26
67; 25
67; 21
67; 18
67; 22
68; 30
66; 40
67; 37
67; 43
67; 46
67; 47
67; 46
67; 43
67; 41
67; 41
66; 44
67; 44
66; 40
66; 33
67; 34
67; 37
67; 35
67; 33
66; 30
68; 27
66; 31
66; 31
66; 29
67; 24
67; 26
66; 26
66; 22
67; 20
67; 22
66; 21
67; 21
66; 20
67; 17
65; 13
67; 14
67; 18
67; 20
66; 17
66; 17
65; 25
67; 21
67; 29
66; 25
66; 34
67; 39
66; 44
66; 45
67; 47
66; 44
66; 43
67; 44
66; 41
67; 38
66; 38
66; 36
66; 32
66; 31
66; 31
66; 32
66; 33
66; 34
66; 32
66; 30
66; 30
65; 29
66; 31
66; 30
66; 26
66; 23
66; 21
66; 23
66; 18
64; 16
67; 16
65; 19
66; 19
66; 15
65; 16
66; 14
65; 13
65; 16
66; 15
66; 24
66; 16
66; 15
66; 34
66; 39
64; 39
66; 39
66; 41
66; 41
66; 38
65; 33
66; 31
66; 31
65; 29
66; 27
66; 23
65; 22
65; 26
65; 29
65; 31
66; 27
65; 25
66; 24
66; 25
65; 21
65; 20
65; 21
66; 21
66; 25
64; 24
65; 21
65; 20
66; 23
65; 24
65; 21
65; 17
65; 15
66; 16
66; 18
65; 15
65; 15
65; 14
65; 17
65; 24
64; 27
64; 33
66; 36
65; 38
65; 39
65; 36
65; 31
65; 33
64; 34
65; 36
66; 31
65; 25
65; 26
65; 25
65; 30
65; 30
64; 28
65; 29
64; 31
65; 32
65; 28
65; 28
65; 31
63; 32
65; 30
65; 31
65; 29
65; 26
64; 24
64; 26
65; 23
64; 20
64; 20
65; 22
64; 25
64; 25
64; 25
64; 22
65; 22
65; 28
64; 30
63; 25
64; 36
64; 42
64; 51
65; 52
65; 49
63; 45
65; 40
64; 36
64; 30
64; 29
64; 30
65; 35
63; 35
65; 33
64; 37
64; 37
64; 43
64; 40
64; 43
64; 41
64; 39
64; 39
64; 40
64; 30
64; 33
64; 28
64; 28
64; 32
64; 33
64; 35
64; 33
64; 28
64; 30
64; 28
64; 29
64; 28
64; 26
64; 25
64; 23
64; 22
64; 23
64; 32
64; 46
64; 52
64; 53
64; 49
64; 50
64; 49
64; 44
64; 36
64; 35
64; 36
63; 32
64; 26
64; 23
64; 25
64; 26
64; 27
64; 26
64; 21
64; 25
63; 19
63; 29
63; 28
63; 27
63; 27
64; 33
63; 37
64; 33
63; 35
64; 34
64; 39
63; 39
63; 33
62; 30
62; 27
64; 24
63; 22
63; 19
63; 17
63; 19
64; 28
63; 39
62; 42
64; 45
63; 46
63; 48
63; 48
63; 44
64; 39
63; 33
63; 32
64; 29
63; 26
63; 23
63; 24
63; 21
64; 24
62; 19
62; 19
63; 21
63; 23
63; 26
63; 22
63; 21
63; 19
61; 22
64; 26
63; 25
63; 21
63; 19
63; 20
64; 17
63; 22
61; 14
61; 12
63; 14
63; 12
63; 6
62; 6
63; 7
63; 16
61; 22
63; 25
62; 27
63; 27
63; 28
63; 23
63; 25
62; 21
61; 21
63; 22
62; 26
63; 27
62; 25
62; 25
63; 23
62; 23
62; 19
61; 18
62; 19
62; 19
62; 22
62; 21
63; 15
61; 13
63; 18
62; 21
63; 24
63; 17
62; 16
62; 15
62; 16
61; 18
62; 18
62; 18
62; 18
62; 18
62; 15
62; 16
62; 22
62; 32
63; 40
62; 43
62; 39
62; 39
62; 38
62; 37
62; 33
61; 35
63; 31
62; 33
62; 32
62; 29
62; 24
62; 25
62; 27
61; 28
62; 24
62; 23
62; 23
62; 26
62; 24
62; 23
60; 22
62; 21
62; 27
61; 27
62; 25
61; 29
61; 31
62; 28
61; 30
63; 29
61; 26
61; 26
61; 27
62; 26
62; 22
61; 20
61; 23
62; 30
61; 36
61; 41
61; 45
61; 45
62; 45
61; 43
60; 37
62; 33
62; 33
61; 37
61; 37
61; 37
61; 36
61; 38
61; 41
62; 43
61; 39
61; 39
61; 35
61; 36
61; 36
60; 38
62; 36
60; 34
61; 27
61; 20
61; 30
61; 18
61; 18
60; 20
62; 23
59; 22
61; 19
61; 21
61; 24
61; 24
61; 19
60; 18
62; 14
61; 18
61; 23
61; 25
61; 29
61; 36
60; 42
60; 40
61; 34
61; 31
61; 31
61; 30
61; 30
61; 29
59; 30
61; 29
61; 34
61; 33
61; 30
61; 31
61; 34
61; 35
59; 32
61; 30
60; 25
61; 29
61; 33
61; 35
61; 37
60; 39
61; 37
61; 45
61; 42
60; 37
60; 31
61; 27
61; 29
60; 25
61; 25
61; 22
60; 20
61; 18
60; 18
61; 27
61; 20
59; 33
60; 38
60; 38
60; 34
60; 33
60; 31
61; 29
59; 21
60; 27
61; 21
59; 21
60; 23
60; 23
60; 22
60; 20
61; 20
60; 19
59; 17
60; 14
60; 15
60; 15
60; 12
60; 10
59; 14
60; 15
61; 17
60; 8
60; 16
60; 11
60; 6
60; 6
59; 10
60; 12
60; 13
60; 14
60; 17
60; 18
60; 18
60; 21
59; 27
60; 47
60; 39
60; 51
60; 47
60; 45
60; 46
60; 42
58; 42
60; 38
59; 34
60; 30
60; 30
60; 30
60; 30
59; 34
58; 39
59; 39
60; 35
59; 30
59; 27
60; 28
60; 30
59; 29
59; 29
59; 27
60; 28
60; 29
60; 31
59; 29
60; 27
58; 28
60; 26
60; 21
59; 21
59; 21
59; 21
60; 21
59; 17
58; 16
59; 18
58; 28
59; 39
59; 34
59; 44
59; 44
58; 45
59; 45
59; 41
59; 36
59; 30
59; 29
59; 28
59; 23
58; 19
59; 14
60; 15
59; 19
59; 21
59; 21
59; 23
59; 27
58; 27
59; 25
58; 19
59; 18
59; 17
59; 15
59; 16
59; 16
58; 18
58; 19
60; 20
58; 9
58; 16
58; 11
59; 13
57; 12
58; 16
59; 10
58; 11
59; 18
59; 27
58; 29
59; 34
59; 41
57; 45
59; 45
58; 46
59; 46
59; 47
59; 50
59; 48
58; 43
57; 38
59; 36
58; 40
59; 42
58; 40
58; 37
59; 37
58; 39
58; 37
59; 35
58; 34
59; 36
58; 35
59; 34
59; 31
57; 30
58; 31
58; 34
58; 32
58; 31
58; 29
58; 29
58; 33
58; 35
59; 34
58; 28
57; 28
58; 27
58; 26
58; 28
58; 33
57; 40
59; 44
58; 45
58; 39
58; 38
58; 37
59; 35
57; 32
58; 28
59; 22
58; 23
58; 28
58; 31
58; 29
58; 30
57; 27
57; 26
58; 27
58; 24
58; 22
58; 24
58; 29
58; 32
56; 35
57; 33
57; 35
58; 36
58; 34
58; 31
58; 33
57; 37
57; 41
59; 41
58; 35
58; 26
58; 30
58; 27
58; 28
58; 28
56; 32
58; 37
57; 40
58; 37
57; 33
57; 27
58; 25
58; 27
57; 24
58; 18
58; 13
57; 14
57; 18
58; 20
58; 19
56; 20
56; 21
56; 20
58; 17
57; 15
57; 16
57; 18
57; 16
56; 13
58; 8
57; 10
57; 13
57; 13
57; 11
57; 13
57; 12
56; 12
58; 15
56; 16
57; 16
57; 21
57; 27
57; 32
57; 36
56; 41
57; 56
58; 48
57; 57
57; 43
57; 50
57; 42
57; 44
56; 43
57; 36
57; 32
57; 29
57; 31
57; 29
57; 29
55; 28
57; 25
57; 25
57; 27
57; 23
57; 22
57; 20
57; 21
55; 20
57; 14
56; 14
57; 16
57; 21
57; 19
57; 15
56; 14
56; 17
57; 21
56; 22
57; 21
56; 19
56; 13
57; 14
55; 17
57; 20
56; 37
56; 30
57; 41
57; 42
57; 35
56; 26
55; 25
57; 24
56; 23
56; 22
56; 21
56; 20
57; 23
57; 25
57; 28
56; 26
56; 23
56; 23
56; 26
56; 20
56; 18
56; 20
56; 21
56; 22
56; 18
56; 16
56; 18
56; 21
56; 25
56; 26
56; 22
57; 20
56; 22
56; 21
56; 19
55; 18
56; 20
55; 21
55; 24
57; 29
56; 43
56; 33
56; 37
56; 44
56; 42
55; 39
56; 37
56; 38
55; 38
56; 38
56; 35
56; 35
56; 34
54; 34
54; 33
55; 33
56; 31
56; 31
56; 30
56; 27
56; 21
55; 20
55; 22
55; 22
55; 22
55; 22
55; 21
56; 25
55; 23
54; 20
55; 18
55; 16
55; 16
55; 22
55; 26
56; 31
54; 29
56; 33
55; 36
55; 35
55; 35
55; 41
55; 49
55; 52
54; 54
56; 52
55; 46
56; 47
55; 43
55; 44
55; 41
55; 37
55; 37
56; 37
56; 35
55; 34
55; 35
55; 36
55; 38
54; 34
55; 28
55; 28
55; 30
55; 32
55; 30
55; 27
55; 25
55; 27
54; 29
56; 28
55; 26
55; 29
55; 29
55; 25
55; 22
55; 19
54; 19
56; 17
55; 18
54; 12
55; 11
54; 10
55; 21
53; 26
54; 27
54; 28
55; 29
55; 29
55; 29
55; 29
55; 29
53; 28
56; 28
54; 27
55; 23
55; 23
55; 22
55; 26
54; 23
53; 19
55; 19
55; 22
54; 22
54; 23
54; 21
55; 18
54; 19
55; 25
55; 27
53; 27
54; 28
54; 31
54; 32
55; 29
54; 28
55; 28
54; 30
54; 30
53; 27
54; 20
54; 18
54; 18
54; 18
55; 19
54; 24
54; 30
54; 37
53; 37
54; 35
53; 31
54; 28
55; 29
54; 28
54; 24
53; 25
54; 25
55; 26
53; 30
54; 32
55; 31
54; 28
55; 27
54; 26
54; 24
54; 23
52; 25
54; 28
54; 31
53; 34
54; 29
54; 26
53; 29
54; 28
54; 27
54; 25
53; 26
54; 26
53; 29
54; 21
54; 24
53; 17
53; 16
53; 16
53; 14
53; 14
54; 19
54; 30
53; 37
54; 43
53; 42
53; 37
53; 37
54; 38
53; 33
53; 30
53; 30
53; 28
53; 33
53; 30
53; 29
53; 31
53; 33
53; 36
53; 34
53; 32
53; 31
53; 33
53; 33
53; 33
53; 35
53; 36
53; 27
53; 35
53; 36
53; 20
53; 17
53; 23
53; 20
53; 23
53; 28
53; 30
53; 31
53; 32
53; 25
53; 17
53; 15
53; 21
53; 30
53; 33
53; 38
53; 43
53; 46
53; 44
53; 38
54; 34
53; 31
53; 34
53; 33
53; 28
53; 28
53; 30
51; 34
53; 35
53; 35
53; 32
53; 33
53; 33
53; 31
53; 27
51; 25
53; 23
52; 25
53; 25
53; 21
53; 24
53; 24
52; 28
52; 29
52; 30
52; 26
53; 21
53; 26
53; 27
53; 25
51; 21
53; 20
53; 23
53; 28
52; 35
53; 42
53; 48
52; 49
53; 48
53; 45
52; 43
53; 42
52; 39
52; 41
52; 38
52; 34
53; 30
52; 30
52; 30
53; 33
52; 34
52; 34
53; 40
52; 43
53; 46
52; 47
53; 45
53; 44
52; 38
52; 36
52; 30
52; 25
53; 28
52; 26
53; 22
52; 18
52; 16
52; 13
52; 10
52; 8
53; 7
51; 7
52; 8
52; 6
52; 8
52; 20
52; 14
52; 26
52; 30
53; 31
51; 32
52; 30
52; 32
52; 33
52; 30
52; 23
52; 25
51; 24
53; 27
51; 28
52; 32
52; 29
52; 33
52; 26
51; 21
51; 20
51; 24
52; 25
52; 20
52; 19
52; 17
52; 19
52; 24
52; 25
50; 19
52; 15
52; 14
52; 17
51; 16
52; 13
50; 13
52; 14
51; 16
52; 14
51; 10
51; 11
52; 22
51; 35
50; 42
51; 50
52; 45
52; 45
52; 43
52; 37
52; 32
51; 31
51; 31
52; 33
51; 34
51; 34
51; 35
51; 34
52; 34
52; 34
50; 29
52; 24
51; 24
51; 22
51; 19
51; 20
52; 17
51; 20
50; 21
52; 20
51; 22
51; 23
51; 22
52; 23
51; 21
50; 20
51; 17
51; 16
51; 18
51; 15
51; 15
51; 13
51; 18
50; 25
51; 31
51; 34
51; 36
51; 38
51; 40
51; 36
51; 28
50; 26
52; 27
50; 26
51; 19
51; 22
50; 21
51; 31
51; 36
50; 36
52; 37
51; 38
51; 40
50; 42
51; 37
51; 34
51; 34
50; 32
50; 31
51; 30
50; 26
50; 21
51; 25
51; 28
49; 28
51; 26
50; 22
51; 26
50; 26
50; 28
51; 24
51; 23
49; 22
50; 34
51; 27
50; 38
50; 41
50; 42
51; 42
50; 38
49; 35
51; 33
50; 33
50; 35
50; 33
50; 31
51; 33
49; 36
51; 35
50; 32
50; 28
50; 24
51; 19
50; 18
50; 23
51; 19
50; 24
49; 18
50; 29
50; 27
50; 27
50; 30
50; 24
49; 27
51; 28
49; 22
50; 20
50; 22
50; 20
50; 14
50; 15
50; 23
49; 16
50; 28
50; 32
50; 31
50; 31
50; 33
49; 33
49; 30
50; 27
50; 26
50; 25
50; 23
50; 18
50; 18
50; 21
50; 26
50; 30
49; 27
50; 24
50; 24
50; 24
50; 19
48; 14
50; 12
49; 10
50; 15
50; 19
49; 21
50; 21
49; 19
48; 22
50; 22
49; 20
49; 18
49; 16
50; 17
49; 15
49; 17
48; 12
50; 14
49; 22
49; 31
49; 37
50; 35
50; 36
48; 38
50; 38
50; 34
49; 28
49; 28
49; 29
49; 31
49; 28
50; 26
48; 28
49; 31
49; 27
50; 32
49; 27
50; 29
49; 32
48; 36
50; 33
49; 31
49; 32
49; 37
49; 38
49; 33
49; 34
48; 29
50; 31
49; 27
49; 22
49; 22
49; 22
49; 22
48; 22
49; 22
49; 21
49; 35
49; 38
49; 26
49; 40
48; 46
49; 43
48; 44
50; 40
49; 34
49; 33
49; 35
49; 34
49; 31
48; 26
48; 25
49; 24
49; 25
49; 24
48; 23
48; 17
49; 18
47; 22
49; 24
48; 22
49; 23
49; 26
49; 26
49; 25
49; 23
47; 23
49; 24
48; 25
49; 24
47; 23
49; 23
49; 31
49; 35
47; 34
49; 31
48; 29
48; 28
48; 32
49; 37
49; 44
47; 47
49; 47
49; 46
48; 42
48; 41
49; 42
48; 40
49; 39
49; 32
47; 35
48; 33
49; 35
48; 37
48; 36
49; 31
47; 29
48; 29
49; 26
48; 21
48; 18
48; 16
48; 16
49; 16
48; 16
47; 17
49; 15
48; 16
48; 20
48; 13
48; 19
48; 10
47; 12
48; 15
46; 14
48; 11
48; 11
48; 13
48; 20
48; 15
46; 25
48; 31
48; 44
48; 41
48; 37
48; 36
48; 32
47; 31
49; 29
47; 31
48; 25
48; 26
48; 22
48; 27
48; 31
47; 32
46; 30
48; 32
48; 35
48; 33
48; 34
48; 31
48; 33
47; 35
46; 33
48; 31
47; 32
48; 35
47; 39
48; 36
48; 32
47; 33
48; 30
48; 28
47; 27
47; 21
47; 19
47; 21
48; 20
47; 25
47; 30
48; 34
47; 42
47; 44
48; 46
47; 40
47; 35
46; 34
48; 32
47; 29
47; 31
47; 26
47; 38
48; 39
47; 43
46; 44
48; 40
47; 42
47; 38
47; 33
47; 29
48; 27
46; 31
47; 31
48; 27
47; 22
47; 16
47; 16
48; 24
47; 19
46; 21
47; 16
48; 16
47; 19
47; 15
47; 13
47; 13
47; 15
46; 14
48; 17
46; 22
47; 29
47; 37
47; 42
47; 39
47; 39
46; 34
48; 29
47; 26
47; 20
47; 21
47; 19
47; 20
46; 22
47; 21
47; 20
47; 20
47; 22
47; 24
47; 20
47; 19
45; 21
47; 22
46; 21
46; 17
46; 15
47; 17
47; 23
46; 27
46; 22
46; 26
47; 20
46; 19
46; 19
47; 18
47; 18
47; 17
45; 22
47; 21
46; 21
46; 19
46; 25
46; 33
47; 39
47; 40
45; 39
47; 35
46; 34
46; 32
46; 33
46; 28
47; 29
46; 28
46; 32
47; 32
46; 29
46; 31
46; 33
46; 31
47; 30
45; 30
46; 31
47; 32
46; 34
46; 35
46; 35
46; 35
46; 35
45; 33
47; 29
46; 28
46; 26
46; 29
46; 28
46; 27
46; 28
45; 27
47; 30
46; 26
46; 28
46; 28
46; 31
46; 39
46; 50
47; 49
45; 54
46; 45
46; 44
46; 43
46; 40
46; 37
45; 33
46; 31
46; 33
46; 30
46; 29
46; 28
46; 32
46; 32
44; 31
46; 27
46; 28
46; 30
46; 28
45; 22
46; 25
46; 25
44; 27
45; 28
45; 26
46; 27
46; 27
46; 29
46; 28
45; 23
45; 25
45; 21
46; 22
46; 21
45; 17
45; 9
46; 13
44; 22
46; 17
46; 25
45; 30
45; 32
45; 34
46; 35
46; 31
45; 32
44; 30
46; 32
45; 34
45; 30
45; 27
45; 25
46; 31
44; 35
45; 38
45; 43
46; 40
45; 43
45; 40
45; 44
44; 34
45; 36
46; 35
45; 33
45; 34
45; 31
45; 31
45; 33
45; 32
44; 30
46; 28
45; 25
45; 27
45; 26
45; 22
45; 22
45; 20
45; 22
46; 26
45; 28
45; 32
45; 39
45; 40
46; 38
43; 36
46; 32
45; 32
45; 33
45; 34
45; 33
45; 34
45; 34
44; 36
45; 38
45; 34
44; 38
45; 31
45; 33
45; 32
45; 28
44; 26
46; 29
45; 31
45; 32
45; 32
45; 28
45; 30
44; 35
45; 35
45; 25
46; 29
45; 22
45; 23
45; 23
45; 21
44; 18
45; 17
44; 19
45; 23
44; 26
45; 31
45; 32
44; 31
45; 26
45; 24
45; 31
45; 23
44; 16
44; 21
44; 17
45; 20
45; 22
45; 27
45; 31
44; 31
45; 29
44; 29
44; 31
44; 25
44; 22
45; 20
44; 19
45; 23
44; 23
44; 19
44; 19
44; 19
44; 20
44; 21
44; 17
44; 13
44; 11
44; 8
44; 6
44; 6
44; 7
44; 8
44; 15
44; 24
44; 30
44; 33
44; 35
44; 35
44; 32
44; 31
44; 28
44; 27
44; 31
44; 30
44; 27
44; 25
44; 30
44; 35
44; 38
44; 36
44; 32
43; 31
44; 31
44; 35
45; 25
44; 24
44; 25
44; 25
44; 26
44; 28
43; 28
44; 28
45; 31
44; 38
44; 37
44; 33
44; 30
44; 28
43; 27
44; 23
43; 22
44; 24
44; 27
44; 32
44; 37
44; 41
42; 42
45; 40
43; 37
44; 30
43; 27
44; 23
43; 25
43; 24
43; 22
45; 22
43; 23
44; 28
43; 30
43; 26
44; 24
42; 25
44; 25
43; 25
43; 23
43; 19
43; 23
44; 24
44; 26
43; 25
43; 24
44; 25
43; 29
43; 28
43; 24
43; 21
44; 23
42; 28
42; 26
44; 21
43; 22
43; 23
43; 29
43; 34
44; 41
42; 39
44; 35
44; 34
43; 30
43; 34
43; 27
43; 25
43; 28
42; 27
44; 28
43; 25
43; 27
43; 32
43; 31
43; 31
43; 26
42; 28
44; 31
43; 29
43; 29
43; 28
43; 30
43; 32
43; 30
43; 30
43; 30
43; 28
43; 23
43; 28
43; 17
43; 15
41; 15
43; 17
42; 16
43; 14
43; 16
42; 17
43; 32
42; 39
43; 25
44; 45
42; 48
43; 48
43; 50
43; 46
43; 41
42; 39
42; 42
44; 42
43; 40
43; 36
43; 36
43; 38
43; 39
42; 38
43; 38
41; 36
43; 39
43; 31
43; 37
43; 39
43; 27
41; 26
43; 28
42; 25
42; 24
43; 33
42; 29
43; 34
42; 31
41; 31
43; 32
43; 32
42; 29
42; 25
42; 19
42; 16
43; 22
41; 28
43; 34
42; 36
43; 35
42; 38
42; 36
42; 30
42; 25
41; 23
42; 25
42; 24
44; 24
42; 25
42; 26
43; 35
43; 38
41; 36
43; 36
42; 34
42; 38
42; 36
42; 32
43; 29
41; 26
43; 29
42; 34
42; 32
42; 27
42; 26
42; 26
42; 28
41; 24
42; 21
42; 21
42; 23
42; 24
42; 15
42; 11
42; 10
43; 23
41; 15
41; 28
42; 28
42; 25
42; 25
42; 24
42; 17
41; 18
43; 17
42; 18
42; 21
42; 19
42; 14
42; 13
40; 14
42; 16
42; 15
42; 15
42; 12
42; 16
42; 21
42; 22
40; 19
42; 18
41; 23
42; 26
41; 27
42; 28
42; 28
41; 27
42; 26
42; 22
41; 23
42; 22
42; 23
42; 23
42; 21
41; 21
42; 24
42; 35
42; 27
42; 33
42; 37
41; 34
42; 35
42; 34
40; 38
41; 29
41; 28
41; 30
41; 32
41; 31
42; 33
41; 35
42; 37
42; 39
41; 40
41; 38
42; 39
41; 40
42; 38
41; 32
41; 26
41; 26
41; 24
41; 25
41; 27
42; 26
41; 27
40; 28
42; 33
41; 34
41; 35
41; 36
41; 40
41; 43
41; 46
40; 40
41; 48
42; 43
41; 53
41; 50
41; 52
42; 49
42; 48
41; 45
42; 39
41; 36
41; 32
41; 31
41; 29
41; 27
41; 26
41; 24
41; 25
41; 26
41; 22
41; 18
41; 12
41; 14
39; 18
41; 17
41; 12
42; 8
42; 6
41; 11
41; 16
40; 14
40; 13
42; 17
40; 18
41; 17
41; 17
41; 18
41; 17
39; 14
41; 12
41; 10
41; 15
39; 18
40; 21
41; 27
41; 29
40; 26
41; 23
40; 22
41; 22
40; 25
41; 27
41; 28
41; 27
39; 32
40; 36
40; 41
41; 44
41; 47
40; 44
41; 40
40; 41
40; 45
41; 49
41; 53
41; 53
41; 50
40; 56
41; 57
40; 51
39; 46
40; 46
41; 43
41; 46
40; 48
40; 51
40; 48
41; 51
40; 47
