14; 31
13; 24
11; 21
11; 22
11; 25
11; 25
11; 25
11; 25
11; 25
11; 27
11; 27
11; 26
11; 26
11; 25
11; 28
11; 28
11; 26
11; 26
11; 26
11; 28
11; 28
11; 27
11; 26
11; 26
11; 28
11; 28
11; 27
11; 26
11; 26
11; 28
11; 28
11; 27
11; 26
11; 26
11; 27
11; 28
11; 27
11; 26
11; 27
11; 28
11; 28
11; 27
11; 26
11; 27
11; 28
11; 28
11; 27
11; 26
11; 27
11; 27
11; 28
11; 27
11; 26
11; 27
11; 27
11; 28
11; 27
11; 26
11; 26
11; 28
11; 28
11; 27
11; 26
11; 26
11; 28
11; 28
11; 27
11; 26
11; 26
11; 28
11; 29
11; 28
11; 27
11; 26
11; 27
11; 28
11; 28
11; 27
11; 26
11; 27
11; 29
11; 27
11; 26
11; 26
11; 28
11; 29
11; 27
11; 27
11; 26
11; 27
11; 28
11; 27
11; 27
11; 26
11; 28
11; 29
11; 27
11; 26
11; 26
11; 27
11; 28
11; 27
11; 27
11; 26
11; 27
11; 29
11; 27
11; 26
11; 27
11; 27
11; 28
11; 28
11; 26
11; 27
11; 27
11; 28
11; 27
11; 26
11; 26
11; 27
11; 28
11; 27
11; 26
11; 26
11; 28
11; 29
11; 28
11; 26
11; 26
11; 27
11; 28
11; 28
11; 27
11; 26
11; 28
11; 28
11; 27
11; 26
11; 26
11; 27
11; 28
11; 28
11; 27
11; 26
11; 27
11; 28
11; 27
11; 26
11; 26
11; 27
11; 28
11; 27
11; 27
11; 26
11; 27
11; 29
11; 28
11; 27
11; 26
11; 27
11; 28
11; 28
11; 27
11; 26
11; 27
11; 28
11; 28
11; 26
11; 26
11; 27
11; 29
11; 28
11; 26
11; 26
11; 27
11; 28
11; 27
11; 27
11; 26
11; 27
11; 28
11; 28
11; 27
11; 26
11; 27
11; 28
11; 28
11; 27
11; 26
11; 27
11; 28
11; 27
11; 26
11; 26
11; 27
11; 28
11; 28
11; 27
11; 26
11; 26
11; 28
11; 28
11; 26
11; 26
11; 27
11; 29
11; 28
11; 27
11; 26
11; 27
11; 28
11; 28
11; 27
11; 25
11; 27
11; 28
11; 27
11; 27
11; 26
11; 27
11; 28
11; 28
11; 27
11; 26
11; 27
11; 28
11; 28
11; 27
11; 26
11; 26
11; 28
11; 28
11; 27
12; 26
11; 27
11; 29
11; 28
11; 26
11; 26
11; 27
11; 28
11; 28
11; 27
11; 26
11; 26
11; 28
11; 28
11; 27
11; 26
11; 27
11; 28
11; 28
11; 27
11; 26
11; 27
11; 28
11; 28
11; 27
11; 26
11; 26
11; 28
11; 27
11; 26
11; 26
11; 26
11; 28
11; 28
11; 27
11; 26
11; 27
11; 28
11; 28
11; 27
11; 26
11; 26
11; 28
11; 28
11; 27
11; 26
11; 27
11; 28
11; 28
11; 27
11; 26
11; 26
11; 28
11; 28
11; 27
11; 26
11; 27
11; 28
11; 28
11; 27
11; 26
11; 27
11; 28
11; 28
11; 27
11; 26
11; 26
11; 28
11; 28
11; 27
11; 26
11; 26
11; 28
11; 28
11; 27
11; 26
11; 27
11; 28
11; 28
11; 27
11; 26
11; 28
11; 26
11; 28
11; 27
11; 26
11; 26
11; 28
11; 28
11; 26
11; 26
11; 26
11; 28
11; 28
11; 26
11; 26
11; 26
11; 27
11; 28
11; 27
11; 26
11; 26
11; 28
11; 27
11; 27
11; 26
11; 26
11; 28
11; 28
11; 27
11; 26
11; 26
11; 28
11; 27
11; 27
11; 26
11; 26
11; 28
11; 28
11; 27
11; 27
11; 26
11; 28
11; 28
11; 27
11; 26
11; 27
11; 28
11; 28
11; 27
11; 26
11; 27
11; 28
11; 28
11; 27
11; 26
11; 26
11; 27
11; 28
11; 27
11; 26
11; 26
11; 28
11; 28
11; 27
11; 26
11; 26
11; 28
11; 28
11; 27
11; 26
11; 26
11; 27
11; 28
11; 27
11; 26
11; 26
11; 28
11; 28
11; 26
11; 27
11; 26
11; 27
11; 28
11; 27
11; 26
11; 26
11; 28
11; 28
11; 28
11; 27
11; 27
11; 30
11; 31
11; 31
11; 29
11; 31
11; 36
11; 36
11; 37
11; 37
11; 42
11; 49
12; 48
11; 55
11; 54
11; 68
11; 76
11; 78
11; 88
11; 86
11; 107
14; 101
11; 114
11; 130
11; 132
14; 135
14; 157
12; 188
11; 167
15; 196
11; 184
11; 192
11; 201
15; 201
16; 201
13; 201
11; 201
14; 201
17; 201
11; 201
11; 201
15; 201
18; 201
17; 201
11; 201
15; 201
16; 201
18; 201
13; 201
14; 201
19; 201
18; 201
11; 201
15; 201
18; 201
23; 201
11; 201
17; 201
18; 201
22; 201
18; 201
15; 201
22; 201
22; 201
15; 201
16; 201
20; 201
25; 201
13; 201
18; 201
21; 201
24; 201
20; 201
18; 201
24; 201
25; 201
15; 201
23; 201
27; 201
19; 201
12; 201
23; 201
23; 201
27; 201
18; 201
23; 201
27; 201
25; 201
17; 201
25; 201
28; 201
28; 201
18; 201
29; 201
29; 201
26; 201
23; 201
27; 201
33; 201
19; 201
23; 201
29; 201
29; 201
21; 201
29; 201
32; 201
27; 201
25; 201
30; 201
35; 201
29; 201
29; 201
34; 201
31; 201
31; 201
24; 201
36; 201
32; 201
27; 201
36; 201
36; 201
33; 201
25; 201
35; 201
37; 201
27; 201
37; 201
38; 201
29; 201
35; 201
38; 201
37; 201
31; 201
39; 201
40; 201
30; 201
37; 201
41; 201
38; 201
32; 201
43; 201
42; 201
39; 201
31; 201
44; 201
39; 201
36; 201
44; 201
41; 201
35; 201
42; 201
46; 201
37; 201
42; 201
46; 201
39; 201
41; 201
43; 189
44; 167
37; 161
44; 201
34; 198
49; 174
46; 201
48; 183
39; 201
44; 201
48; 201
46; 197
41; 201
50; 201
48; 201
41; 201
49; 201
52; 201
40; 201
48; 201
54; 201
39; 201
50; 201
52; 201
43; 201
50; 201
53; 201
51; 201
49; 201
53; 201
49; 201
51; 201
54; 201
50; 201
52; 201
55; 201
53; 188
49; 201
56; 201
51; 180
52; 201
56; 198
56; 191
52; 201
56; 201
56; 170
52; 201
58; 201
54; 154
55; 201
60; 178
54; 173
55; 181
62; 187
59; 122
58; 187
63; 156
49; 122
63; 114
61; 178
53; 159
61; 151
53; 128
64; 149
61; 178
66; 130
64; 188
53; 173
59; 128
58; 201
65; 154
62; 145
61; 155
67; 161
63; 101
62; 160
71; 120
55; 116
67; 149
67; 73
60; 151
67; 104
67; 108
62; 125
71; 150
66; 100
66; 170
73; 129
59; 144
72; 170
66; 102
64; 187
72; 132
63; 143
71; 153
74; 167
63; 136
71; 186
76; 137
63; 185
75; 197
70; 138
71; 201
76; 133
65; 159
75; 136
75; 116
67; 108
76; 132
74; 70
73; 135
80; 109
66; 110
78; 161
73; 99
73; 186
79; 126
68; 142
77; 140
81; 129
71; 120
76; 81
79; 147
77; 136
83; 105
70; 96
82; 132
78; 55
77; 142
84; 74
71; 112
83; 127
82; 117
75; 143
84; 169
81; 111
82; 174
87; 121
74; 142
86; 154
76; 93
83; 171
86; 81
77; 149
77; 101
87; 105
86; 117
88; 103
79; 85
87; 107
87; 35
85; 89
92; 41
77; 58
89; 56
77; 6
89; 69
89; 6
83; 56
92; 6
80; 14
89; 7
91; 6
85; 7
93; 14
82; 6
91; 6
89; 32
88; 71
97; 67
84; 88
94; 128
83; 60
93; 142
94; 51
89; 142
96; 72
86; 96
94; 78
97; 62
92; 79
97; 75
88; 57
96; 98
96; 35
95; 95
102; 57
88; 79
99; 88
87; 34
99; 103
100; 15
93; 113
102; 34
92; 87
101; 69
93; 61
99; 77
102; 60
94; 65
103; 88
95; 47
99; 104
102; 51
99; 102
107; 77
103; 120
94; 83
92; 75
105; 170
106; 88
101; 196
108; 104
97; 162
108; 106
96; 104
105; 96
107; 67
102; 68
107; 55
108; 66
99; 34
107; 6
104; 56
103; 53
114; 38
111; 6
109; 52
100; 27
99; 6
110; 63
106; 53
111; 6
110; 6
103; 39
114; 6
102; 29
109; 16
111; 26
110; 46
114; 37
106; 41
116; 52
105; 25
113; 69
110; 76
115; 13
117; 32
110; 81
121; 76
106; 99
118; 137
106; 88
118; 143
107; 45
118; 139
117; 27
112; 118
121; 6
120; 17
110; 73
109; 15
119; 6
118; 6
116; 6
113; 7
121; 6
123; 16
112; 6
122; 6
118; 28
121; 38
124; 6
115; 51
127; 39
114; 33
124; 72
112; 10
124; 77
118; 6
122; 98
125; 6
119; 100
128; 18
118; 93
128; 57
116; 93
126; 82
125; 64
126; 65
125; 90
122; 70
119; 34
129; 55
130; 42
120; 6
128; 6
124; 35
126; 32
132; 6
123; 40
134; 26
121; 21
132; 53
132; 72
120; 6
121; 6
130; 82
131; 6
127; 80
126; 75
134; 6
136; 6
125; 65
136; 6
125; 32
134; 25
124; 24
132; 47
135; 42
133; 83
134; 80
130; 92
137; 79
130; 63
140; 68
129; 31
138; 58
131; 6
133; 49
139; 17
136; 56
138; 6
134; 57
142; 35
131; 43
144; 49
131; 24
143; 59
130; 6
140; 64
130; 6
142; 67
142; 67
132; 6
142; 6
139; 76
143; 6
137; 63
144; 6
137; 60
148; 6
145; 201
150; 201
146; 201
147; 201
147; 201
145; 201
144; 201
146; 201
145; 201
145; 130
144; 6
145; 22
145; 6
144; 6
144; 6
144; 6
144; 6
144; 6
144; 6
143; 6
144; 6
143; 6
142; 6
143; 6
143; 6
142; 6
142; 6
142; 6
143; 6
142; 6
142; 6
142; 6
142; 6
142; 6
142; 6
141; 6
142; 6
140; 6
141; 6
141; 6
141; 6
141; 6
141; 6
141; 6
141; 6
139; 6
140; 6
140; 6
141; 6
140; 6
140; 6
141; 6
139; 6
140; 6
139; 6
139; 6
140; 6
140; 6
140; 6
140; 6
138; 6
139; 6
140; 6
140; 6
139; 6
139; 6
139; 6
139; 6
138; 6
139; 6
138; 6
139; 6
139; 6
139; 6
139; 6
139; 6
139; 6
137; 6
138; 6
138; 6
138; 6
138; 6
138; 6
138; 6
137; 6
138; 6
137; 6
137; 6
138; 6
138; 6
138; 6
137; 6
138; 6
137; 6
138; 6
137; 6
137; 6
137; 6
137; 6
137; 6
136; 6
136; 6
137; 6
137; 6
137; 6
137; 6
137; 6
135; 6
137; 6
136; 6
137; 6
137; 6
136; 6
137; 6
136; 6
135; 6
136; 6
136; 6
136; 6
136; 6
136; 6
136; 6
135; 6
135; 6
136; 6
137; 6
136; 6
136; 6
136; 6
136; 6
135; 6
135; 6
136; 6
135; 6
135; 6
135; 6
135; 6
136; 6
134; 6
135; 6
135; 6
135; 6
135; 6
135; 6
135; 6
135; 6
135; 6
133; 6
134; 6
134; 6
134; 6
135; 6
135; 6
134; 6
134; 6
134; 6
135; 6
134; 6
134; 6
135; 6
135; 6
133; 6
134; 6
134; 6
135; 6
134; 6
134; 6
134; 6
134; 6
133; 6
134; 6
133; 6
134; 6
133; 6
134; 6
134; 6
133; 6
134; 6
132; 6
133; 6
133; 6
133; 6
133; 6
133; 6
134; 6
133; 6
134; 6
133; 6
133; 6
133; 6
133; 6
133; 6
132; 6
133; 6
133; 6
133; 6
132; 6
132; 6
133; 6
133; 6
132; 6
131; 6
133; 10
133; 25
133; 34
133; 29
131; 14
133; 6
131; 6
132; 6
133; 6
132; 6
132; 6
132; 6
132; 6
132; 6
132; 6
131; 6
131; 6
132; 6
132; 6
132; 6
132; 6
131; 6
131; 6
132; 6
131; 6
131; 6
132; 6
131; 6
132; 6
131; 6
130; 6
132; 6
130; 6
131; 6
131; 6
130; 7
130; 8
131; 7
131; 8
131; 9
131; 8
132; 13
130; 27
130; 37
131; 34
131; 25
131; 16
130; 7
130; 7
131; 8
130; 11
130; 17
130; 8
130; 14
130; 9
130; 9
130; 10
130; 9
129; 10
130; 10
130; 10
130; 11
130; 11
130; 11
130; 11
130; 12
130; 12
130; 12
130; 12
130; 12
130; 12
130; 13
129; 19
130; 17
128; 22
130; 22
130; 33
130; 51
130; 61
130; 66
130; 65
128; 64
130; 53
130; 42
130; 30
130; 22
129; 16
130; 13
129; 6
129; 10
129; 6
129; 6
128; 6
129; 10
129; 9
129; 6
129; 7
128; 8
129; 10
130; 9
129; 9
129; 9
129; 10
128; 10
129; 10
127; 10
129; 11
128; 11
128; 14
128; 19
128; 28
129; 40
129; 48
127; 48
129; 41
128; 29
128; 16
128; 8
128; 8
128; 9
127; 9
127; 10
129; 10
128; 10
128; 11
128; 11
128; 11
128; 12
128; 12
127; 12
128; 13
128; 13
128; 13
127; 13
127; 14
126; 14
128; 14
128; 14
127; 15
127; 15
127; 18
127; 31
127; 48
127; 60
126; 64
128; 62
127; 55
127; 44
127; 35
127; 18
127; 7
127; 8
127; 9
126; 10
128; 9
127; 10
127; 10
127; 11
126; 12
126; 11
127; 12
127; 19
127; 12
127; 15
126; 13
127; 13
127; 14
125; 16
127; 15
126; 16
127; 14
126; 17
126; 21
127; 25
126; 31
127; 49
126; 63
125; 41
126; 68
126; 62
126; 53
126; 41
124; 32
126; 18
125; 7
126; 7
126; 8
126; 9
126; 9
126; 9
126; 10
125; 10
126; 11
126; 11
125; 12
125; 12
126; 12
125; 13
125; 13
125; 13
125; 14
125; 14
125; 14
125; 15
125; 15
125; 15
125; 15
125; 16
125; 16
125; 16
125; 16
125; 16
125; 17
125; 25
125; 43
125; 61
125; 68
124; 56
125; 72
124; 44
125; 67
125; 31
125; 22
125; 17
124; 8
124; 9
124; 9
124; 10
124; 10
124; 11
124; 11
124; 12
124; 12
124; 13
124; 13
124; 13
123; 14
124; 14
124; 14
124; 14
123; 15
124; 15
124; 15
124; 16
124; 16
122; 16
124; 16
122; 17
123; 17
123; 17
123; 18
124; 29
123; 62
124; 45
125; 73
123; 77
124; 72
123; 70
124; 59
124; 46
122; 36
124; 26
123; 23
124; 18
123; 14
123; 11
124; 11
124; 16
121; 19
123; 15
124; 11
123; 9
123; 10
123; 9
123; 10
123; 11
121; 11
123; 12
122; 12
123; 13
123; 13
123; 18
123; 29
121; 27
123; 32
123; 20
122; 30
123; 49
123; 64
123; 78
123; 72
123; 75
121; 67
122; 55
122; 36
122; 19
122; 7
122; 6
122; 6
122; 6
122; 6
122; 6
122; 9
122; 10
122; 8
122; 8
122; 9
121; 10
122; 14
122; 12
122; 16
122; 18
122; 23
122; 26
122; 27
120; 27
122; 24
121; 26
122; 32
122; 39
122; 48
122; 56
122; 70
121; 73
122; 66
121; 57
122; 43
121; 36
121; 24
122; 9
121; 6
121; 6
121; 6
119; 6
121; 6
121; 6
121; 7
121; 6
119; 8
121; 8
121; 9
121; 10
121; 10
121; 11
121; 11
121; 11
119; 12
121; 12
120; 13
121; 13
120; 14
121; 17
121; 34
120; 52
119; 66
122; 76
121; 78
121; 80
120; 62
121; 46
121; 74
119; 32
120; 21
121; 14
121; 6
120; 6
120; 6
121; 8
120; 6
118; 7
120; 7
120; 7
120; 8
120; 10
120; 9
120; 9
120; 10
119; 11
120; 12
119; 14
120; 12
120; 12
120; 24
119; 32
120; 38
120; 40
120; 46
119; 60
120; 76
120; 87
120; 93
120; 99
120; 97
120; 79
118; 92
118; 63
120; 49
119; 35
119; 21
119; 9
119; 6
119; 6
120; 6
118; 6
119; 6
118; 6
119; 6
119; 6
118; 9
118; 12
119; 9
119; 10
119; 16
119; 24
119; 23
118; 17
118; 16
119; 19
119; 21
119; 17
118; 19
119; 21
119; 24
119; 30
117; 40
119; 50
118; 64
119; 71
118; 70
118; 57
119; 42
118; 31
117; 18
118; 8
117; 6
118; 6
117; 6
118; 6
118; 6
118; 6
118; 6
117; 6
118; 6
118; 6
118; 6
118; 6
118; 7
118; 7
118; 10
117; 9
118; 9
116; 10
118; 14
118; 23
118; 26
116; 31
118; 42
118; 60
118; 76
117; 80
118; 76
118; 74
117; 70
117; 61
118; 46
117; 33
117; 24
118; 21
117; 19
117; 15
117; 14
118; 14
118; 17
117; 19
117; 13
116; 6
117; 6
117; 6
117; 6
117; 6
117; 6
115; 6
117; 6
116; 6
117; 7
117; 8
116; 9
117; 17
118; 38
117; 54
117; 61
117; 63
117; 67
117; 67
115; 58
117; 46
116; 28
117; 17
116; 11
116; 7
116; 6
116; 6
116; 6
117; 6
115; 6
116; 6
116; 6
116; 8
116; 7
115; 8
115; 9
115; 10
116; 10
115; 11
116; 11
115; 11
116; 12
115; 13
116; 13
116; 13
116; 14
116; 18
116; 36
116; 62
115; 83
116; 79
116; 86
115; 85
116; 82
116; 71
115; 56
115; 36
115; 20
115; 6
114; 13
114; 6
115; 6
115; 6
115; 6
115; 6
115; 6
115; 6
115; 6
115; 7
115; 8
115; 9
115; 9
115; 10
114; 10
115; 11
115; 11
115; 12
115; 13
115; 12
115; 13
115; 13
113; 18
114; 47
115; 32
115; 61
115; 70
115; 79
115; 78
115; 73
115; 63
115; 48
115; 17
114; 9
115; 32
114; 6
114; 6
115; 6
114; 6
114; 13
115; 6
114; 16
114; 16
114; 21
115; 24
114; 23
113; 22
114; 20
113; 22
114; 27
114; 28
114; 23
114; 23
114; 24
113; 25
114; 21
114; 21
113; 18
114; 30
114; 48
114; 63
115; 82
114; 77
114; 82
114; 77
114; 68
114; 55
114; 38
114; 26
114; 18
114; 12
114; 10
113; 11
113; 12
113; 18
113; 19
113; 13
113; 8
113; 6
112; 7
113; 7
113; 7
113; 7
113; 6
112; 7
113; 7
113; 7
113; 8
113; 8
113; 9
113; 10
113; 18
112; 32
113; 49
113; 65
113; 67
113; 62
113; 58
113; 52
113; 45
111; 31
113; 17
112; 10
112; 9
112; 6
113; 8
112; 6
113; 13
112; 9
112; 14
112; 17
112; 17
112; 16
112; 14
113; 14
111; 15
112; 18
112; 15
112; 18
112; 21
112; 24
112; 25
113; 30
111; 41
111; 58
111; 68
112; 72
112; 72
112; 68
112; 59
111; 32
112; 47
111; 21
112; 11
111; 12
111; 7
111; 7
111; 11
111; 13
110; 15
112; 12
110; 8
110; 6
111; 7
111; 7
111; 8
111; 9
111; 10
110; 9
110; 11
111; 11
111; 12
111; 12
111; 22
111; 37
112; 67
111; 71
111; 75
110; 56
111; 77
111; 69
111; 52
110; 37
111; 25
111; 15
111; 6
111; 6
110; 6
110; 6
111; 6
110; 6
111; 7
110; 8
110; 10
110; 15
110; 13
111; 11
110; 10
109; 11
111; 11
110; 12
110; 12
110; 13
110; 16
111; 28
110; 37
109; 49
110; 64
110; 79
110; 94
110; 93
110; 86
111; 75
110; 67
110; 53
110; 41
110; 27
110; 17
110; 13
110; 12
110; 10
108; 12
110; 10
109; 8
110; 11
110; 10
110; 8
110; 7
110; 9
110; 13
110; 8
109; 6
109; 7
109; 9
109; 14
108; 13
109; 12
110; 16
110; 31
110; 51
110; 68
110; 77
110; 80
110; 81
109; 80
110; 72
109; 46
110; 59
109; 30
109; 24
109; 15
109; 14
109; 15
110; 16
110; 21
109; 22
109; 23
109; 17
109; 15
109; 13
108; 9
107; 11
109; 8
109; 14
109; 13
109; 10
108; 12
109; 9
107; 15
107; 28
108; 49
109; 66
109; 78
109; 85
109; 91
109; 86
107; 72
107; 56
108; 42
108; 33
108; 22
108; 7
108; 6
108; 6
108; 6
108; 14
108; 20
108; 14
108; 20
108; 28
109; 28
107; 22
108; 13
108; 16
108; 20
108; 20
108; 17
108; 14
108; 23
107; 46
109; 70
108; 85
108; 84
108; 89
108; 82
108; 83
108; 66
107; 50
108; 39
108; 31
107; 18
108; 7
108; 6
108; 9
107; 12
107; 13
108; 10
108; 8
108; 11
108; 8
107; 11
107; 7
107; 6
107; 6
108; 6
107; 6
107; 6
108; 6
107; 24
107; 8
107; 41
106; 59
108; 71
108; 77
108; 82
107; 77
107; 68
107; 55
106; 46
107; 37
107; 23
107; 12
107; 6
107; 6
107; 6
106; 6
107; 6
107; 6
106; 6
106; 6
107; 6
107; 6
106; 6
106; 6
107; 6
107; 6
107; 6
106; 6
106; 6
107; 15
106; 6
106; 35
106; 56
107; 74
106; 85
105; 84
106; 74
106; 69
107; 60
106; 52
106; 43
106; 27
106; 13
105; 8
106; 6
106; 6
106; 6
106; 6
106; 6
105; 6
106; 6
106; 6
106; 6
106; 6
106; 6
106; 6
104; 6
106; 6
105; 6
105; 8
105; 8
106; 7
106; 29
105; 14
106; 58
106; 77
106; 83
105; 87
106; 85
106; 81
105; 68
105; 52
105; 38
105; 26
105; 17
105; 9
105; 6
105; 6
105; 6
105; 6
104; 6
105; 6
105; 6
105; 6
105; 6
105; 6
105; 6
105; 6
105; 6
105; 14
105; 17
105; 26
105; 32
105; 47
105; 69
105; 85
105; 92
105; 90
105; 84
105; 91
105; 79
105; 67
104; 49
104; 25
105; 35
104; 17
104; 8
104; 10
104; 12
104; 15
104; 13
104; 19
104; 9
104; 11
104; 9
104; 8
104; 9
104; 6
104; 21
104; 7
104; 24
104; 24
104; 30
104; 50
104; 75
104; 90
105; 95
104; 94
104; 87
104; 82
104; 72
104; 58
104; 38
104; 23
103; 16
104; 9
104; 6
104; 6
103; 6
103; 9
104; 12
104; 9
103; 6
103; 7
103; 10
102; 10
104; 9
104; 9
103; 9
103; 17
103; 19
103; 23
104; 29
103; 74
104; 93
104; 49
104; 108
103; 107
104; 109
104; 102
104; 90
103; 78
102; 64
103; 49
103; 35
103; 9
103; 19
103; 6
103; 6
103; 6
103; 6
101; 6
102; 6
103; 6
103; 6
103; 6
103; 6
103; 6
103; 6
102; 6
103; 6
102; 6
101; 6
102; 6
102; 6
102; 6
103; 14
102; 22
103; 43
102; 69
103; 89
103; 96
103; 97
103; 98
103; 90
103; 83
103; 73
102; 56
102; 44
102; 25
102; 35
102; 7
102; 6
102; 6
102; 6
101; 6
102; 6
101; 6
102; 6
102; 6
102; 6
102; 6
102; 6
100; 6
101; 6
101; 6
102; 6
101; 6
102; 6
102; 6
101; 6
101; 6
101; 6
102; 6
101; 6
101; 11
100; 13
102; 23
101; 40
102; 67
102; 86
102; 91
102; 92
102; 92
101; 85
103; 76
101; 63
101; 53
101; 38
101; 25
102; 11
101; 6
101; 6
101; 6
100; 6
102; 6
101; 6
101; 9
101; 11
100; 12
99; 8
101; 11
101; 7
101; 10
101; 6
101; 9
101; 12
100; 9
101; 10
100; 10
101; 7
101; 6
101; 6
101; 8
100; 15
100; 23
102; 41
101; 60
101; 80
101; 92
101; 97
101; 95
101; 84
100; 90
101; 77
101; 62
100; 45
100; 32
100; 21
101; 14
100; 7
101; 9
100; 6
100; 12
100; 13
100; 11
100; 8
100; 6
100; 6
101; 6
100; 6
99; 6
100; 7
100; 10
100; 16
100; 15
99; 15
100; 18
100; 23
100; 30
100; 36
100; 51
99; 93
100; 73
100; 40
101; 106
100; 124
100; 119
100; 119
100; 96
100; 110
100; 81
99; 64
100; 46
100; 29
99; 13
99; 6
100; 6
100; 6
100; 6
99; 6
100; 6
99; 6
100; 6
98; 6
99; 6
99; 6
99; 6
99; 6
99; 6
98; 6
100; 6
99; 6
99; 6
99; 6
99; 6
99; 13
99; 28
99; 49
100; 72
99; 78
100; 75
99; 73
98; 68
100; 63
99; 48
99; 28
99; 15
99; 9
99; 6
98; 6
99; 6
99; 6
97; 6
99; 6
98; 6
98; 6
98; 6
98; 6
97; 6
98; 6
99; 6
98; 6
99; 6
98; 6
98; 6
98; 6
99; 28
98; 49
99; 69
98; 80
98; 79
98; 75
99; 66
98; 60
99; 52
98; 42
98; 26
98; 15
98; 9
98; 6
98; 6
98; 6
98; 6
97; 6
98; 6
98; 6
98; 6
98; 6
97; 6
96; 9
97; 10
98; 10
98; 7
97; 6
97; 8
98; 10
96; 14
97; 29
98; 54
98; 103
98; 83
98; 105
98; 111
98; 99
96; 91
98; 79
97; 64
97; 48
96; 38
97; 27
98; 20
97; 12
98; 13
97; 11
96; 11
97; 6
97; 6
97; 6
97; 6
97; 6
97; 6
97; 6
97; 6
96; 6
97; 6
96; 6
96; 6
97; 6
95; 8
97; 15
97; 22
97; 31
97; 50
97; 72
97; 86
96; 92
97; 94
96; 90
97; 82
97; 70
97; 42
96; 56
96; 30
95; 22
97; 15
96; 11
96; 9
96; 7
97; 12
97; 13
96; 8
95; 10
96; 6
95; 6
97; 6
96; 6
96; 6
96; 6
96; 6
96; 6
97; 6
95; 6
96; 8
96; 19
96; 36
96; 54
96; 73
95; 87
97; 98
96; 88
96; 98
96; 72
96; 79
97; 62
95; 48
96; 35
94; 25
96; 22
96; 27
95; 25
96; 23
96; 20
94; 23
96; 24
95; 25
95; 12
95; 20
96; 6
95; 6
95; 6
95; 6
95; 6
94; 6
95; 7
95; 15
95; 25
95; 43
95; 69
95; 85
96; 87
95; 82
95; 75
95; 69
96; 64
95; 52
94; 36
95; 24
95; 18
96; 14
95; 7
95; 8
95; 15
95; 17
95; 18
94; 18
94; 17
95; 15
95; 16
95; 15
95; 15
95; 13
93; 10
95; 13
94; 17
95; 22
95; 16
95; 38
95; 62
94; 83
95; 93
95; 93
95; 85
95; 90
95; 78
95; 67
95; 52
94; 36
95; 23
95; 13
94; 6
94; 6
94; 6
94; 6
94; 6
94; 6
95; 11
94; 13
94; 14
94; 14
94; 14
94; 6
95; 10
94; 6
94; 6
95; 6
93; 6
95; 6
94; 6
94; 20
94; 42
93; 63
95; 78
94; 84
94; 83
94; 67
94; 79
94; 53
94; 42
93; 38
94; 30
94; 16
93; 22
94; 11
94; 10
94; 11
92; 13
94; 11
92; 13
93; 13
94; 10
93; 10
93; 7
93; 6
93; 6
93; 7
93; 6
93; 6
94; 6
93; 6
93; 6
93; 6
93; 6
94; 7
93; 20
93; 38
94; 58
94; 74
94; 86
93; 88
92; 83
94; 76
93; 71
93; 64
93; 59
93; 40
93; 51
92; 31
93; 19
93; 22
93; 23
93; 19
93; 18
93; 21
93; 25
91; 23
93; 21
91; 17
93; 15
93; 12
93; 15
93; 11
92; 7
93; 6
93; 6
91; 6
93; 6
92; 6
93; 6
92; 6
92; 6
92; 6
92; 6
93; 8
91; 6
92; 10
92; 20
93; 40
92; 65
93; 85
93; 94
92; 93
92; 91
92; 87
93; 84
93; 77
91; 68
92; 54
92; 42
92; 35
92; 32
92; 27
92; 30
91; 32
93; 28
92; 37
92; 29
92; 26
92; 23
92; 25
92; 24
92; 15
91; 6
92; 6
91; 6
91; 6
92; 6
92; 6
92; 6
92; 6
92; 6
92; 6
92; 6
92; 10
91; 6
91; 18
92; 29
91; 44
90; 66
91; 99
93; 88
92; 98
91; 91
92; 76
92; 68
91; 60
92; 35
91; 48
91; 21
91; 16
90; 13
91; 11
91; 6
92; 11
91; 6
91; 16
91; 16
91; 12
91; 11
92; 15
91; 13
91; 6
91; 6
90; 6
91; 6
90; 6
91; 6
91; 6
91; 6
91; 6
90; 6
89; 6
91; 6
91; 28
91; 9
91; 50
90; 66
91; 72
91; 75
91; 79
91; 76
90; 63
91; 47
91; 38
91; 19
89; 32
90; 7
90; 6
91; 6
91; 6
90; 6
90; 6
90; 6
91; 6
90; 13
90; 13
90; 8
90; 6
90; 6
90; 6
90; 6
90; 6
90; 6
89; 6
90; 6
89; 6
90; 6
90; 6
89; 8
91; 20
90; 35
90; 53
90; 70
90; 81
89; 88
90; 89
90; 77
90; 66
90; 56
90; 43
90; 51
90; 35
90; 28
89; 22
90; 23
90; 23
90; 24
89; 26
89; 28
90; 35
90; 41
88; 39
90; 38
89; 32
89; 33
89; 27
89; 19
90; 11
89; 8
89; 6
89; 6
88; 6
89; 6
89; 10
88; 6
89; 52
90; 31
89; 70
90; 82
90; 90
89; 93
90; 93
89; 90
90; 87
88; 85
90; 76
89; 62
90; 51
89; 44
89; 40
89; 32
89; 21
87; 12
89; 9
89; 9
89; 7
90; 6
89; 6
89; 6
89; 6
89; 6
88; 6
89; 6
89; 6
88; 6
89; 6
89; 7
88; 11
89; 27
88; 17
89; 44
88; 67
89; 83
89; 77
89; 87
87; 87
89; 84
88; 81
89; 78
89; 72
89; 59
89; 43
87; 33
89; 30
89; 29
89; 25
89; 23
88; 19
88; 16
88; 17
88; 10
88; 13
89; 14
88; 13
88; 16
88; 12
88; 10
88; 10
88; 12
88; 9
88; 8
88; 12
88; 20
88; 57
88; 70
88; 41
88; 72
88; 69
88; 63
88; 59
88; 53
88; 42
88; 29
88; 22
88; 14
88; 6
88; 6
87; 6
88; 6
87; 6
87; 6
87; 6
88; 6
88; 6
88; 6
87; 6
87; 6
87; 6
87; 6
87; 6
87; 6
88; 6
86; 6
87; 13
87; 27
87; 6
88; 48
87; 73
87; 66
87; 83
87; 84
88; 82
87; 69
87; 76
87; 55
87; 65
87; 42
87; 31
87; 26
87; 25
87; 22
87; 19
86; 23
86; 26
87; 21
87; 23
87; 18
87; 18
87; 24
88; 27
87; 26
86; 14
86; 19
86; 13
87; 11
87; 8
87; 6
87; 6
86; 6
86; 21
88; 41
87; 59
87; 70
87; 77
87; 77
87; 72
87; 57
86; 66
87; 49
87; 41
86; 37
86; 26
86; 17
85; 15
85; 15
86; 15
87; 15
86; 16
86; 20
86; 25
86; 24
87; 19
86; 17
86; 16
87; 14
86; 9
87; 6
86; 6
86; 6
86; 6
86; 6
86; 6
85; 6
85; 6
86; 27
86; 52
87; 63
85; 72
86; 70
86; 73
86; 67
86; 57
86; 49
87; 36
86; 43
85; 25
86; 20
86; 14
86; 13
86; 20
86; 19
86; 22
86; 23
85; 22
86; 19
85; 17
86; 15
86; 14
86; 17
86; 17
86; 20
84; 17
86; 11
86; 10
86; 16
85; 29
85; 47
86; 60
86; 69
85; 73
86; 74
85; 66
86; 56
85; 51
86; 43
86; 32
85; 17
85; 23
86; 14
85; 15
85; 14
85; 10
85; 7
85; 6
85; 6
85; 6
84; 6
84; 6
85; 6
85; 6
85; 14
85; 15
83; 17
85; 21
85; 34
84; 27
85; 45
85; 60
86; 71
85; 84
84; 86
86; 79
85; 68
85; 60
85; 51
85; 42
85; 27
85; 15
84; 6
85; 6
84; 6
84; 6
85; 6
85; 6
85; 6
84; 6
85; 7
85; 7
83; 6
85; 6
84; 10
84; 9
85; 10
85; 17
83; 12
85; 18
84; 18
85; 43
85; 63
84; 25
85; 72
83; 75
84; 72
84; 65
85; 60
84; 53
84; 44
84; 35
84; 27
83; 23
84; 20
84; 18
84; 16
84; 20
84; 25
85; 25
84; 22
82; 20
85; 21
84; 28
84; 32
84; 27
84; 23
84; 22
83; 22
83; 20
84; 15
84; 14
84; 16
84; 24
84; 21
84; 31
83; 44
84; 65
84; 66
84; 58
84; 61
84; 57
84; 53
84; 47
84; 31
82; 38
83; 25
84; 25
83; 23
83; 20
84; 17
84; 16
82; 18
84; 21
83; 23
83; 29
83; 29
83; 27
84; 24
82; 25
83; 24
82; 22
83; 16
83; 17
83; 15
83; 12
83; 8
82; 10
83; 13
82; 15
83; 14
83; 13
83; 39
83; 23
84; 63
82; 76
82; 81
84; 82
83; 76
83; 73
83; 64
83; 53
83; 41
82; 35
83; 33
84; 30
82; 25
83; 24
83; 21
83; 21
83; 19
82; 21
83; 24
82; 27
83; 29
82; 27
83; 28
83; 30
82; 29
82; 31
83; 22
82; 19
82; 18
82; 12
82; 6
82; 6
83; 6
83; 6
82; 6
82; 16
82; 29
82; 35
82; 39
83; 40
81; 37
82; 32
82; 24
82; 16
82; 15
82; 8
82; 8
82; 8
81; 9
83; 11
82; 10
82; 8
82; 7
82; 11
82; 10
82; 13
81; 17
82; 17
82; 18
82; 15
82; 11
82; 6
81; 6
81; 6
82; 6
80; 6
81; 6
82; 6
81; 6
81; 6
82; 23
80; 39
82; 54
81; 62
82; 64
82; 62
81; 60
81; 52
82; 49
80; 44
82; 38
81; 31
81; 25
82; 23
81; 26
82; 24
81; 23
81; 22
82; 25
81; 30
81; 31
81; 30
81; 34
81; 33
82; 34
79; 29
82; 26
80; 24
81; 23
81; 23
81; 18
81; 18
80; 18
80; 15
82; 26
81; 44
81; 57
81; 66
81; 72
82; 77
80; 76
80; 61
81; 68
81; 59
81; 55
81; 45
81; 37
79; 33
81; 33
81; 36
81; 37
81; 36
81; 37
81; 36
81; 39
81; 42
79; 39
81; 38
80; 39
81; 40
81; 38
81; 26
81; 34
80; 19
81; 11
80; 15
80; 7
81; 6
80; 6
81; 12
81; 30
79; 47
81; 59
81; 70
81; 67
80; 55
80; 62
81; 45
80; 37
79; 32
81; 26
80; 20
80; 10
80; 6
80; 8
80; 9
80; 6
81; 10
80; 6
80; 17
80; 22
80; 19
79; 14
80; 14
80; 19
79; 18
79; 12
80; 7
80; 11
80; 23
80; 29
80; 29
78; 26
79; 34
80; 52
80; 59
80; 58
80; 54
80; 52
80; 47
78; 44
80; 34
79; 28
80; 18
79; 14
79; 6
79; 6
79; 6
79; 6
79; 6
79; 6
78; 6
80; 6
79; 6
80; 10
79; 6
78; 12
80; 12
80; 12
79; 14
79; 11
79; 9
79; 10
79; 9
78; 17
79; 20
79; 32
79; 49
79; 65
79; 74
79; 78
79; 75
79; 71
79; 63
79; 56
79; 46
79; 31
79; 21
79; 18
78; 17
79; 14
79; 8
77; 6
80; 6
79; 15
79; 19
79; 13
77; 7
79; 6
79; 11
79; 10
78; 7
78; 6
79; 6
77; 9
79; 8
77; 6
79; 8
78; 6
78; 45
79; 23
79; 56
78; 61
79; 68
78; 65
79; 64
78; 59
78; 51
79; 45
79; 39
78; 24
78; 33
79; 23
79; 20
78; 21
78; 23
78; 23
77; 26
78; 24
79; 30
78; 32
78; 29
78; 22
78; 19
79; 22
78; 18
77; 16
79; 16
77; 16
78; 18
78; 22
78; 30
79; 44
77; 69
77; 58
79; 76
78; 73
78; 59
78; 65
78; 53
78; 46
77; 39
79; 30
78; 22
78; 25
78; 20
78; 21
78; 16
78; 12
78; 6
78; 6
77; 6
76; 6
78; 9
78; 20
76; 12
78; 15
77; 19
78; 12
78; 9
78; 6
76; 6
77; 8
78; 20
78; 35
76; 39
78; 40
77; 43
77; 39
77; 33
77; 26
78; 19
77; 14
78; 13
76; 13
77; 13
77; 8
77; 8
77; 13
78; 18
76; 20
76; 18
78; 21
77; 25
77; 25
77; 24
77; 23
77; 17
76; 17
77; 17
77; 16
77; 14
77; 12
77; 13
77; 25
77; 37
75; 46
77; 52
76; 60
77; 66
77; 70
77; 68
77; 72
77; 65
76; 62
76; 54
76; 40
76; 30
76; 26
77; 28
77; 26
76; 24
76; 26
77; 31
77; 29
76; 22
76; 11
77; 7
77; 11
76; 18
75; 18
76; 14
76; 10
76; 15
76; 20
76; 17
76; 17
77; 26
76; 40
75; 16
76; 51
76; 58
76; 62
76; 67
77; 74
75; 76
76; 74
76; 78
77; 90
77; 85
76; 89
77; 86
77; 86
75; 91
77; 98
77; 98
77; 91
76; 80
76; 84
77; 79
76; 76
75; 68
77; 65
76; 66
76; 67
76; 68
76; 68
77; 75
76; 85
77; 107
77; 127
77; 122
76; 120
76; 123
77; 115
77; 99
76; 84
77; 72
76; 59
76; 44
76; 30
76; 22
76; 19
76; 20
75; 21
76; 19
76; 19
76; 17
76; 31
76; 48
77; 57
76; 59
75; 54
77; 51
76; 51
76; 42
76; 24
76; 9
76; 6
76; 6
76; 9
77; 18
76; 22
76; 25
76; 26
76; 23
76; 11
76; 6
76; 6
76; 6
75; 6
76; 6
75; 6
76; 6
75; 6
75; 6
76; 6
74; 6
75; 6
76; 6
75; 6
75; 6
75; 6
76; 6
74; 6
75; 6
75; 6
75; 6
75; 6
75; 6
75; 6
75; 6
75; 6
75; 6
75; 6
75; 6
75; 6
74; 6
74; 6
74; 6
74; 6
74; 6
74; 6
74; 6
75; 6
74; 9
74; 10
74; 15
74; 17
75; 16
74; 15
74; 13
74; 19
74; 22
74; 22
74; 24
74; 26
74; 23
74; 24
74; 28
74; 29
74; 29
74; 30
74; 35
75; 51
74; 59
74; 62
74; 62
74; 64
74; 64
74; 59
74; 54
74; 46
74; 46
74; 49
74; 44
74; 42
74; 41
74; 40
74; 44
74; 44
74; 41
74; 36
74; 37
74; 34
72; 34
74; 22
74; 27
74; 22
74; 20
73; 20
74; 21
74; 18
72; 19
73; 24
73; 26
73; 27
74; 32
74; 45
75; 59
73; 73
73; 82
75; 85
73; 81
74; 76
74; 71
74; 65
74; 60
73; 57
74; 54
74; 47
74; 45
73; 43
74; 43
74; 42
73; 41
72; 37
74; 36
73; 30
73; 29
73; 23
73; 15
74; 12
73; 9
72; 12
73; 6
74; 10
72; 6
73; 10
73; 13
73; 12
73; 8
73; 6
73; 6
73; 12
73; 17
73; 15
73; 19
73; 29
73; 45
72; 52
74; 55
73; 56
73; 52
73; 55
73; 51
73; 49
71; 52
73; 49
74; 46
73; 41
73; 38
73; 38
73; 35
73; 32
73; 27
72; 30
73; 25
73; 24
72; 21
73; 23
72; 18
73; 16
72; 16
73; 19
72; 15
73; 8
73; 6
72; 6
72; 6
72; 6
72; 6
71; 6
72; 6
72; 24
73; 12
72; 33
73; 41
73; 48
72; 55
73; 59
72; 60
72; 64
73; 73
73; 84
73; 90
71; 89
73; 89
73; 85
73; 83
72; 68
72; 76
73; 56
73; 49
71; 44
73; 39
72; 34
73; 29
72; 24
72; 22
72; 19
72; 21
71; 19
73; 19
72; 22
72; 24
72; 19
72; 23
72; 20
72; 39
72; 31
72; 56
73; 49
72; 61
72; 58
72; 64
72; 53
72; 40
71; 49
72; 32
72; 22
72; 17
72; 12
72; 13
72; 11
72; 12
71; 11
72; 9
72; 9
72; 8
72; 6
71; 6
71; 6
71; 6
72; 6
71; 6
71; 6
72; 6
71; 6
71; 6
70; 13
72; 8
72; 21
71; 36
71; 44
71; 44
71; 39
72; 33
71; 31
70; 35
72; 35
71; 36
71; 30
71; 26
71; 27
72; 25
71; 22
71; 18
72; 14
71; 15
71; 12
71; 6
71; 9
71; 6
71; 6
70; 8
70; 6
70; 6
71; 8
72; 6
71; 7
71; 11
70; 19
72; 35
70; 47
71; 54
71; 57
71; 56
72; 54
70; 50
71; 53
72; 43
71; 33
71; 32
71; 32
71; 26
70; 21
71; 30
71; 20
70; 24
71; 25
70; 20
71; 17
71; 18
71; 21
71; 16
69; 21
70; 13
70; 10
70; 9
70; 6
70; 6
71; 8
69; 8
71; 14
70; 29
71; 39
71; 50
70; 57
71; 57
70; 55
70; 49
70; 42
71; 46
70; 39
70; 37
70; 35
70; 31
71; 33
69; 33
70; 31
70; 25
70; 23
70; 24
70; 28
71; 28
70; 29
69; 29
69; 29
70; 32
70; 30
70; 22
70; 16
71; 15
69; 18
70; 18
71; 18
71; 25
70; 38
70; 49
70; 53
69; 50
69; 50
70; 49
71; 50
70; 45
70; 37
70; 31
70; 28
70; 29
69; 28
69; 20
70; 23
70; 24
70; 27
70; 27
70; 26
69; 24
70; 22
70; 23
69; 17
69; 14
70; 12
70; 12
70; 15
69; 11
69; 7
69; 6
68; 6
69; 9
69; 11
70; 22
69; 13
68; 34
70; 47
70; 53
69; 51
69; 49
69; 43
69; 38
69; 31
68; 22
69; 13
69; 7
69; 9
69; 7
69; 6
69; 6
69; 11
68; 21
70; 29
68; 29
69; 28
69; 40
69; 33
70; 45
68; 45
69; 39
70; 34
69; 36
69; 37
69; 34
69; 26
69; 28
69; 45
68; 35
69; 49
69; 54
69; 57
69; 57
68; 54
69; 46
68; 40
69; 32
69; 36
69; 31
69; 30
68; 25
69; 26
69; 29
67; 32
69; 35
68; 38
69; 37
68; 31
69; 35
69; 24
69; 18
67; 9
69; 6
68; 6
69; 9
68; 16
68; 22
69; 32
68; 41
67; 50
67; 53
68; 56
69; 61
68; 63
69; 62
69; 63
68; 66
69; 67
69; 64
68; 58
68; 52
69; 48
69; 47
68; 41
67; 36
69; 33
68; 29
68; 29
68; 27
68; 20
68; 25
68; 15
67; 14
69; 11
68; 10
68; 6
68; 6
68; 6
68; 13
68; 23
67; 29
69; 35
68; 41
68; 42
68; 42
68; 40
68; 35
67; 29
68; 23
68; 20
68; 18
68; 13
68; 15
68; 13
68; 14
66; 13
68; 14
67; 19
68; 20
67; 15
67; 13
68; 14
67; 14
66; 16
68; 13
67; 10
67; 11
67; 14
67; 13
68; 14
67; 21
67; 34
69; 46
67; 54
68; 54
68; 50
68; 42
68; 37
67; 34
66; 34
67; 29
68; 32
67; 29
68; 27
67; 28
68; 23
67; 23
66; 25
68; 26
67; 24
67; 25
67; 27
67; 31
67; 32
66; 34
66; 34
68; 41
68; 45
68; 44
67; 41
67; 37
68; 34
66; 36
68; 38
66; 45
67; 46
67; 47
67; 46
67; 45
67; 47
66; 44
68; 42
67; 42
67; 41
67; 42
66; 38
67; 34
67; 31
66; 28
68; 24
67; 17
67; 13
67; 11
67; 10
67; 9
66; 7
67; 8
66; 6
67; 16
66; 10
67; 26
67; 36
67; 39
65; 37
67; 37
66; 37
67; 40
66; 41
67; 41
67; 43
67; 51
66; 66
67; 79
67; 77
67; 76
67; 71
67; 72
67; 65
66; 55
66; 44
68; 36
67; 35
67; 36
66; 33
66; 26
67; 21
65; 20
67; 24
67; 23
67; 21
67; 17
66; 17
67; 18
66; 20
67; 21
65; 23
66; 20
66; 23
66; 25
66; 16
66; 23
67; 13
65; 12
66; 11
65; 16
66; 24
66; 37
66; 43
66; 43
66; 40
67; 39
65; 41
66; 38
66; 32
66; 23
66; 18
67; 15
66; 17
65; 16
67; 12
66; 10
66; 13
66; 12
66; 8
66; 6
66; 6
66; 8
67; 9
66; 6
66; 7
66; 6
66; 7
67; 8
66; 6
66; 6
66; 6
65; 6
65; 8
65; 8
66; 8
66; 11
64; 17
66; 21
64; 17
66; 18
65; 19
66; 22
66; 23
65; 20
64; 17
66; 11
65; 12
66; 13
66; 12
66; 13
66; 11
65; 15
65; 22
66; 22
65; 18
65; 14
65; 18
65; 19
66; 12
65; 6
66; 6
65; 9
65; 8
66; 6
65; 6
65; 6
65; 8
66; 12
64; 14
64; 13
65; 18
65; 32
65; 50
66; 53
65; 57
64; 60
66; 62
65; 70
65; 72
65; 71
65; 74
66; 79
65; 82
66; 71
65; 61
65; 79
65; 58
65; 53
65; 48
65; 43
65; 37
64; 35
65; 35
66; 35
65; 34
65; 33
65; 29
65; 23
65; 20
64; 23
65; 23
64; 20
65; 20
65; 20
65; 20
65; 18
64; 18
65; 29
65; 41
65; 48
65; 45
65; 40
65; 40
65; 37
63; 30
65; 24
65; 17
65; 13
64; 8
65; 6
64; 6
65; 16
64; 6
65; 25
64; 30
65; 34
64; 39
65; 38
65; 33
64; 24
64; 18
65; 18
64; 14
64; 7
64; 6
64; 6
64; 6
64; 6
65; 6
64; 12
64; 17
64; 22
64; 28
64; 31
64; 19
64; 26
64; 21
64; 20
64; 16
64; 16
64; 14
65; 20
64; 26
63; 33
65; 35
64; 34
64; 36
64; 38
64; 34
64; 27
63; 23
64; 23
64; 23
65; 17
64; 15
64; 17
64; 20
63; 36
64; 26
64; 44
64; 46
64; 45
64; 43
64; 43
64; 40
63; 34
64; 33
65; 32
64; 29
64; 25
63; 22
64; 26
63; 30
64; 36
63; 34
63; 31
64; 32
63; 35
64; 32
63; 22
63; 14
63; 12
63; 11
63; 12
63; 8
63; 16
63; 9
63; 29
63; 38
63; 41
63; 41
64; 47
63; 50
63; 39
63; 48
63; 30
63; 25
63; 29
63; 26
63; 15
63; 12
63; 14
63; 15
63; 14
63; 10
63; 10
63; 12
63; 15
63; 10
63; 10
63; 13
63; 10
63; 10
63; 8
63; 13
63; 6
63; 39
63; 45
63; 25
63; 59
63; 51
62; 60
64; 58
63; 49
64; 42
63; 37
63; 38
63; 35
63; 25
63; 19
62; 18
62; 31
63; 20
63; 22
62; 20
63; 19
61; 20
63; 23
62; 22
63; 21
62; 13
62; 8
62; 8
63; 9
61; 10
63; 9
62; 12
62; 17
62; 23
62; 33
63; 44
62; 52
62; 60
63; 58
62; 52
62; 50
62; 52
62; 49
61; 35
63; 40
63; 38
62; 38
63; 37
62; 33
62; 23
62; 27
63; 22
62; 21
62; 21
62; 19
63; 17
62; 18
62; 18
62; 15
63; 10
62; 6
62; 9
62; 14
62; 12
62; 13
62; 10
62; 16
62; 30
61; 39
62; 50
62; 51
62; 49
62; 53
62; 48
62; 53
62; 45
61; 43
63; 48
62; 48
62; 39
62; 44
62; 39
63; 47
61; 48
61; 47
63; 47
62; 51
62; 55
62; 52
62; 48
62; 48
61; 48
62; 49
63; 45
62; 38
62; 34
62; 38
62; 42
62; 45
61; 45
62; 50
62; 60
62; 69
62; 69
62; 58
62; 48
62; 44
62; 43
62; 40
61; 27
61; 17
62; 15
62; 17
62; 15
62; 19
61; 16
61; 22
62; 16
61; 24
61; 25
61; 23
62; 18
61; 14
61; 13
61; 15
61; 14
61; 13
61; 14
61; 14
62; 16
60; 21
62; 30
61; 41
61; 50
61; 50
61; 47
61; 41
60; 40
62; 44
62; 34
61; 29
61; 27
61; 26
61; 22
61; 19
62; 15
60; 15
62; 23
61; 23
61; 17
61; 16
61; 19
61; 24
61; 23
60; 19
61; 19
61; 20
61; 21
61; 18
61; 16
61; 14
60; 22
60; 16
60; 30
61; 40
62; 45
61; 46
61; 48
62; 53
60; 56
61; 55
60; 53
61; 52
61; 50
61; 53
61; 52
61; 49
60; 49
61; 51
61; 51
62; 45
61; 41
61; 46
61; 41
61; 44
59; 37
61; 34
61; 32
62; 30
60; 26
61; 17
61; 10
60; 9
60; 7
61; 6
59; 6
61; 6
61; 15
61; 9
61; 21
60; 28
61; 33
61; 36
61; 32
61; 27
60; 22
61; 21
61; 23
59; 21
61; 15
60; 11
60; 7
61; 6
60; 6
61; 6
60; 7
61; 8
61; 10
60; 10
60; 11
60; 13
61; 16
60; 13
60; 17
60; 14
61; 13
60; 9
61; 9
60; 12
60; 10
60; 6
60; 6
60; 6
60; 7
61; 6
60; 15
60; 30
60; 44
61; 47
60; 42
59; 42
61; 40
60; 41
60; 37
60; 27
60; 22
60; 18
59; 16
60; 13
60; 13
60; 13
60; 17
60; 25
60; 26
60; 28
58; 29
60; 30
59; 35
60; 33
60; 22
60; 26
60; 18
60; 19
60; 14
59; 10
59; 7
60; 6
58; 6
60; 6
59; 6
59; 6
60; 6
59; 6
59; 8
60; 16
60; 36
59; 24
59; 49
58; 58
60; 65
60; 65
61; 67
60; 64
60; 60
60; 49
60; 39
59; 33
59; 37
60; 32
59; 37
60; 34
59; 33
60; 40
59; 40
58; 32
59; 24
59; 20
59; 22
59; 26
59; 29
59; 35
60; 31
59; 34
59; 30
59; 23
59; 21
59; 26
59; 28
60; 24
58; 16
59; 14
58; 24
59; 49
59; 40
59; 52
59; 54
59; 56
58; 60
60; 56
58; 45
59; 31
59; 6
59; 17
59; 6
59; 6
59; 6
59; 6
59; 6
58; 6
58; 6
58; 6
60; 6
59; 12
57; 15
59; 15
57; 15
59; 19
59; 20
59; 21
59; 29
59; 39
57; 49
59; 48
57; 49
59; 53
59; 68
59; 81
60; 89
59; 89
59; 86
60; 85
59; 79
59; 69
58; 54
58; 42
58; 38
58; 36
59; 33
59; 26
59; 20
59; 16
58; 16
59; 17
58; 16
57; 9
59; 6
58; 6
59; 11
59; 15
58; 14
59; 12
58; 12
57; 15
59; 19
58; 20
58; 20
58; 23
58; 33
58; 47
58; 54
58; 56
59; 54
58; 54
58; 50
58; 41
58; 26
58; 29
58; 23
58; 14
57; 6
57; 6
57; 6
58; 6
57; 6
58; 6
58; 6
58; 6
57; 6
58; 9
58; 13
58; 8
58; 7
58; 12
58; 22
59; 24
57; 18
58; 17
58; 20
58; 24
58; 25
57; 29
58; 38
58; 48
58; 57
58; 64
58; 69
58; 72
58; 72
57; 67
58; 55
57; 46
58; 33
58; 16
57; 23
58; 18
58; 14
57; 11
58; 9
58; 8
57; 14
57; 22
58; 20
57; 20
58; 19
57; 24
58; 28
58; 28
58; 24
57; 29
57; 17
57; 8
57; 6
57; 6
58; 6
56; 6
57; 6
58; 6
57; 6
57; 6
57; 6
57; 6
57; 6
56; 6
57; 6
57; 18
57; 31
56; 45
56; 42
57; 41
58; 43
57; 44
57; 42
57; 34
57; 28
58; 22
55; 23
57; 23
57; 28
57; 27
57; 24
57; 26
57; 30
57; 33
56; 37
57; 35
55; 32
57; 36
56; 43
56; 38
57; 42
56; 37
55; 34
57; 33
56; 32
56; 24
57; 24
56; 27
57; 32
56; 30
57; 27
56; 28
56; 28
56; 34
56; 40
56; 46
56; 55
55; 66
57; 79
57; 82
57; 78
56; 76
57; 73
57; 78
57; 76
55; 65
57; 55
56; 47
57; 46
56; 40
56; 37
57; 32
56; 30
56; 33
57; 33
56; 26
56; 31
56; 23
56; 29
57; 34
56; 31
55; 31
57; 27
56; 24
56; 27
56; 28
56; 31
57; 33
57; 39
55; 43
57; 52
56; 53
56; 52
56; 45
56; 36
55; 27
57; 29
56; 22
55; 10
56; 15
56; 7
56; 11
56; 8
56; 15
56; 16
56; 13
56; 11
56; 12
56; 17
56; 12
56; 15
56; 10
56; 11
57; 18
55; 22
56; 21
55; 13
56; 14
56; 20
55; 29
56; 35
57; 38
56; 36
56; 37
56; 36
56; 32
56; 23
55; 15
54; 11
55; 9
56; 8
56; 6
56; 11
55; 7
56; 12
54; 16
54; 19
55; 20
56; 23
56; 23
55; 20
56; 21
55; 24
54; 25
54; 22
55; 22
55; 22
55; 25
55; 28
55; 44
56; 37
55; 52
55; 59
55; 60
55; 56
55; 49
55; 43
54; 43
56; 41
55; 17
56; 36
55; 24
55; 27
55; 21
55; 27
55; 21
54; 18
55; 20
56; 28
55; 27
55; 30
55; 30
55; 30
56; 30
54; 28
54; 22
55; 14
55; 11
54; 17
55; 16
55; 19
55; 19
54; 30
56; 45
55; 54
55; 50
55; 49
55; 54
55; 48
55; 41
53; 33
55; 31
55; 30
55; 31
55; 27
55; 20
55; 18
55; 21
54; 23
55; 18
55; 14
54; 12
54; 12
55; 19
54; 19
53; 19
54; 17
55; 16
55; 18
54; 19
54; 19
55; 20
54; 19
53; 23
54; 32
55; 39
55; 47
55; 51
54; 50
55; 50
55; 48
55; 41
53; 46
54; 35
54; 32
54; 27
54; 22
54; 22
53; 17
54; 20
55; 20
54; 22
53; 24
54; 27
54; 28
55; 25
54; 26
54; 28
53; 26
54; 28
55; 29
54; 28
54; 29
55; 34
54; 34
54; 37
54; 42
54; 51
53; 61
54; 63
55; 59
54; 55
54; 54
55; 52
53; 47
54; 36
54; 31
54; 30
54; 25
54; 17
53; 20
53; 21
54; 29
54; 37
54; 38
54; 32
54; 28
54; 25
53; 20
54; 9
53; 6
54; 6
54; 6
53; 8
53; 6
54; 7
53; 11
54; 24
54; 36
54; 41
53; 42
54; 39
54; 40
54; 39
53; 35
54; 30
53; 26
53; 24
53; 26
53; 23
53; 18
53; 6
53; 12
53; 6
53; 6
53; 6
53; 6
53; 6
53; 6
53; 6
53; 6
53; 6
53; 6
53; 6
53; 6
53; 6
53; 6
53; 6
53; 6
53; 6
53; 10
53; 26
53; 38
53; 50
53; 60
53; 67
53; 73
53; 68
53; 58
53; 43
53; 31
53; 27
53; 24
53; 15
53; 7
52; 6
53; 6
53; 12
53; 7
53; 6
51; 6
53; 6
53; 6
53; 6
52; 6
53; 6
53; 6
53; 6
51; 6
53; 6
52; 6
52; 6
52; 6
52; 6
53; 12
51; 17
53; 25
53; 32
53; 46
53; 60
53; 68
51; 70
53; 72
52; 77
53; 75
52; 54
52; 67
52; 48
52; 46
52; 39
52; 31
51; 28
52; 33
53; 38
52; 39
53; 39
52; 38
52; 34
52; 32
51; 29
53; 31
53; 35
52; 36
52; 32
52; 23
52; 16
52; 13
51; 14
52; 16
52; 14
53; 11
52; 11
52; 14
52; 22
52; 22
51; 13
53; 10
52; 10
52; 19
52; 30
51; 33
52; 34
52; 48
52; 58
51; 38
52; 58
52; 53
52; 48
52; 46
52; 50
50; 48
52; 37
52; 42
52; 40
51; 42
52; 39
52; 39
51; 37
52; 38
50; 38
51; 35
51; 32
52; 36
52; 39
51; 30
52; 36
51; 28
52; 30
51; 33
51; 32
51; 25
51; 21
52; 18
50; 17
52; 13
51; 6
51; 7
51; 12
52; 24
52; 28
52; 30
50; 33
51; 45
51; 57
51; 60
50; 60
51; 59
52; 56
51; 59
51; 59
52; 56
51; 47
51; 36
51; 28
51; 24
51; 22
50; 24
51; 24
52; 23
51; 24
51; 22
51; 22
51; 24
52; 23
51; 23
52; 15
49; 18
50; 15
51; 15
51; 11
50; 8
51; 6
51; 6
51; 6
51; 6
49; 6
51; 6
51; 9
51; 16
51; 22
50; 29
51; 40
51; 48
51; 57
51; 54
51; 51
51; 48
50; 46
49; 44
50; 42
50; 38
51; 36
51; 35
51; 35
50; 36
50; 25
51; 28
51; 22
50; 24
50; 28
51; 25
50; 19
50; 20
50; 27
50; 32
51; 31
51; 26
50; 25
50; 27
50; 28
50; 26
49; 22
51; 22
51; 21
50; 24
50; 21
50; 16
50; 14
49; 18
50; 24
51; 31
50; 42
50; 50
50; 59
50; 60
50; 57
50; 49
49; 45
51; 43
50; 39
50; 35
50; 26
50; 21
51; 16
49; 19
50; 20
51; 19
50; 19
50; 20
50; 22
50; 24
49; 21
50; 22
50; 25
50; 25
50; 23
50; 20
50; 18
50; 18
50; 16
48; 11
50; 6
49; 6
48; 6
50; 8
49; 12
49; 11
50; 8
50; 15
50; 27
50; 38
50; 45
50; 52
49; 56
50; 58
50; 55
48; 52
50; 47
49; 42
50; 36
50; 25
49; 31
50; 19
49; 20
48; 20
50; 23
49; 22
50; 24
49; 32
49; 34
50; 35
49; 33
49; 35
50; 39
49; 37
49; 32
50; 26
49; 20
49; 19
50; 18
49; 25
50; 25
49; 25
49; 26
49; 23
49; 31
48; 50
50; 56
50; 40
49; 61
49; 65
49; 66
49; 57
49; 63
49; 49
48; 38
50; 31
48; 28
49; 30
49; 27
50; 18
49; 20
48; 22
49; 25
50; 26
49; 28
49; 30
49; 31
49; 38
49; 43
48; 42
49; 37
49; 34
49; 37
49; 39
49; 37
49; 30
49; 30
47; 32
49; 34
49; 35
49; 38
50; 59
49; 52
49; 43
49; 61
49; 64
49; 59
49; 58
49; 51
49; 42
49; 34
49; 28
48; 24
49; 16
49; 15
49; 13
49; 15
48; 20
49; 17
49; 17
49; 15
50; 19
47; 18
48; 19
49; 16
49; 13
48; 12
49; 13
48; 12
47; 10
49; 8
48; 13
49; 22
48; 28
49; 38
49; 33
48; 42
48; 42
48; 35
49; 33
48; 30
48; 35
49; 23
49; 15
47; 11
49; 9
47; 6
47; 6
48; 9
48; 8
49; 9
49; 13
47; 15
49; 15
48; 17
48; 25
48; 23
48; 22
49; 23
47; 25
48; 23
49; 21
48; 21
48; 27
48; 34
48; 34
48; 19
49; 28
47; 23
48; 19
48; 20
48; 19
48; 14
48; 10
48; 13
47; 15
48; 16
48; 13
47; 11
48; 15
48; 12
48; 19
47; 16
46; 9
46; 6
48; 6
48; 11
48; 17
48; 19
48; 18
47; 21
48; 29
49; 34
48; 30
48; 30
48; 27
48; 37
48; 42
46; 35
48; 30
47; 26
48; 28
47; 32
48; 35
48; 32
47; 29
46; 28
48; 32
47; 34
47; 34
47; 31
47; 35
47; 41
48; 40
46; 36
48; 35
48; 37
47; 38
47; 20
47; 32
48; 12
47; 6
47; 6
48; 6
46; 6
47; 6
47; 6
47; 13
48; 6
47; 24
48; 37
48; 53
47; 62
47; 63
47; 60
47; 61
48; 61
47; 59
47; 54
47; 41
48; 45
47; 41
47; 41
47; 35
47; 34
47; 29
46; 33
47; 28
47; 32
47; 34
47; 31
47; 32
46; 32
47; 31
46; 29
48; 31
47; 28
47; 28
47; 26
47; 22
47; 20
45; 20
47; 29
48; 26
47; 36
47; 43
47; 40
47; 48
46; 46
47; 44
47; 42
48; 46
47; 38
47; 20
47; 23
47; 31
46; 21
47; 21
46; 19
47; 15
47; 12
46; 15
47; 20
47; 22
45; 22
47; 25
46; 30
46; 36
47; 38
46; 38
47; 37
46; 39
46; 48
48; 55
47; 57
47; 57
46; 60
47; 58
47; 54
45; 48
47; 47
47; 50
47; 54
46; 56
47; 62
47; 73
47; 92
47; 84
48; 97
46; 96
47; 95
47; 93
47; 88
47; 83
47; 73
46; 64
47; 60
48; 58
47; 57
46; 53
46; 48
47; 45
48; 46
45; 42
47; 42
46; 38
47; 36
47; 34
46; 31
47; 23
46; 17
47; 19
46; 18
46; 16
46; 14
46; 16
46; 12
47; 10
46; 11
47; 16
45; 14
46; 21
46; 27
46; 32
46; 38
47; 41
46; 41
46; 43
47; 43
47; 43
46; 41
46; 42
47; 40
46; 41
45; 37
47; 39
46; 38
46; 34
46; 29
46; 25
47; 24
46; 23
45; 23
47; 19
46; 13
46; 6
47; 6
46; 6
46; 6
46; 6
46; 6
46; 6
45; 6
47; 6
45; 6
46; 6
46; 16
46; 6
46; 22
47; 22
46; 11
46; 15
46; 6
46; 6
46; 6
46; 6
46; 6
45; 9
46; 6
47; 6
46; 6
46; 6
46; 6
45; 6
46; 6
45; 6
44; 6
46; 6
45; 8
46; 6
46; 6
46; 6
46; 6
46; 6
45; 6
46; 6
45; 6
46; 10
46; 11
44; 16
46; 28
46; 50
45; 42
46; 45
46; 40
46; 37
44; 37
46; 35
46; 32
45; 28
46; 26
46; 25
45; 27
46; 25
45; 23
46; 21
45; 21
45; 23
45; 20
45; 15
45; 18
46; 23
44; 22
45; 18
45; 7
45; 10
45; 13
45; 22
45; 21
45; 10
45; 6
46; 6
45; 10
45; 9
45; 10
45; 6
46; 8
45; 16
44; 26
46; 36
45; 39
45; 44
45; 44
45; 44
46; 41
44; 38
45; 38
46; 41
45; 40
45; 31
45; 20
45; 19
45; 22
45; 20
45; 15
44; 12
45; 17
45; 26
45; 27
45; 24
45; 23
43; 28
45; 31
44; 28
45; 20
45; 21
45; 18
45; 21
44; 19
44; 20
44; 22
46; 19
45; 21
44; 17
45; 10
44; 8
43; 15
45; 23
45; 27
44; 25
45; 36
45; 52
45; 64
45; 66
45; 60
44; 54
45; 59
45; 62
45; 58
44; 49
44; 44
44; 41
44; 36
45; 46
44; 45
44; 34
45; 35
44; 39
44; 40
44; 40
45; 36
44; 35
44; 39
44; 40
44; 40
44; 39
44; 42
44; 46
44; 47
44; 48
44; 42
45; 43
44; 45
44; 45
44; 47
44; 43
44; 39
44; 37
44; 38
44; 41
44; 50
45; 60
45; 64
44; 64
44; 64
45; 68
45; 70
44; 67
44; 56
45; 46
44; 53
43; 42
45; 34
45; 27
45; 23
44; 20
44; 20
45; 23
44; 22
43; 21
45; 24
44; 29
44; 30
44; 24
44; 19
45; 16
44; 15
44; 15
45; 10
42; 6
45; 6
44; 6
43; 6
43; 6
44; 6
44; 12
44; 28
44; 34
44; 31
44; 22
44; 28
44; 22
42; 27
44; 21
43; 18
44; 19
44; 22
44; 23
44; 20
44; 20
42; 22
45; 23
44; 20
43; 12
44; 8
44; 6
44; 10
44; 15
42; 12
44; 8
43; 9
44; 13
44; 13
43; 8
44; 8
44; 9
42; 11
44; 12
43; 13
44; 22
43; 26
43; 32
44; 39
43; 42
44; 43
44; 43
44; 44
43; 45
43; 40
43; 37
44; 29
43; 28
43; 31
44; 29
43; 30
43; 24
43; 27
43; 26
44; 28
43; 29
44; 28
43; 26
43; 25
44; 24
44; 25
43; 25
43; 21
42; 15
43; 12
43; 15
43; 17
42; 16
43; 14
43; 14
43; 24
42; 34
42; 43
43; 46
43; 43
43; 40
43; 38
44; 36
42; 35
43; 34
42; 30
43; 27
43; 27
43; 27
43; 24
42; 20
43; 23
44; 23
43; 25
43; 25
43; 25
43; 23
43; 19
43; 14
42; 12
43; 17
42; 17
43; 15
43; 15
43; 12
43; 16
43; 19
42; 18
44; 14
42; 10
42; 11
43; 16
43; 26
43; 19
41; 36
43; 43
43; 46
43; 47
42; 45
43; 42
43; 40
43; 38
43; 37
44; 26
42; 32
42; 23
42; 25
42; 25
42; 25
43; 27
42; 29
43; 34
41; 33
43; 34
42; 35
42; 36
43; 36
43; 35
41; 33
43; 27
43; 25
42; 26
42; 32
42; 32
43; 30
42; 31
41; 34
43; 39
42; 41
42; 48
43; 57
43; 67
43; 73
43; 74
42; 74
44; 73
42; 67
42; 63
43; 57
42; 48
41; 38
43; 44
42; 36
43; 35
43; 34
43; 37
42; 43
43; 45
43; 44
41; 41
43; 40
43; 45
42; 52
43; 51
42; 47
43; 40
42; 37
41; 38
43; 37
41; 32
42; 26
42; 35
42; 30
43; 42
42; 49
43; 52
43; 53
42; 52
42; 41
42; 48
42; 38
41; 38
43; 38
41; 29
42; 34
42; 24
42; 19
42; 16
42; 14
41; 14
42; 13
43; 16
42; 15
42; 16
42; 15
42; 19
43; 15
42; 14
41; 15
43; 15
42; 14
42; 15
42; 15
42; 17
41; 20
42; 21
41; 25
43; 33
42; 37
42; 36
42; 38
42; 36
42; 32
42; 31
41; 25
43; 21
41; 16
42; 14
42; 10
42; 7
42; 6
42; 6
41; 6
42; 6
41; 6
42; 6
41; 6
41; 6
41; 6
42; 6
42; 6
42; 6
40; 6
43; 6
41; 6
42; 6
42; 6
40; 13
42; 24
41; 27
42; 28
41; 31
42; 31
42; 32
41; 25
40; 20
42; 17
41; 19
42; 23
41; 18
41; 14
41; 18
42; 13
40; 16
42; 11
41; 8
41; 9
41; 6
40; 7
41; 7
40; 9
41; 8
41; 6
40; 6
42; 6
41; 6
41; 10
42; 12
40; 12
42; 13
41; 17
41; 25
41; 40
41; 47
41; 47
41; 46
40; 40
42; 39
41; 39
41; 34
41; 29
41; 27
42; 29
40; 30
41; 30
42; 28
41; 30
41; 35
41; 39
41; 42
42; 42
40; 42
41; 43
41; 46
41; 45
41; 47
41; 39
41; 37
41; 39
42; 38
40; 38
42; 38
40; 40
41; 42
41; 46
41; 51
42; 59
40; 65
40; 68
41; 64
41; 60
41; 57
41; 56
41; 56
39; 50
42; 50
42; 49
41; 51
41; 46
41; 44
41; 39
41; 38
41; 42
40; 44
41; 44
41; 44
41; 47
41; 51
41; 55
41; 52
40; 52
40; 54
42; 60
41; 57
41; 59
41; 63
41; 63
42; 65
41; 69
42; 76
42; 80
41; 78
41; 77
41; 69
42; 64
41; 56
39; 50
42; 44
40; 29
41; 12
41; 6
41; 6
41; 6
41; 8
41; 6
41; 6
40; 13
41; 24
41; 24
41; 14
41; 12
41; 14
40; 17
42; 18
41; 9
41; 6
40; 6
41; 6
41; 11
39; 14
41; 21
