11; 26
12; 24
11; 24
11; 24
11; 23
11; 24
11; 25
11; 27
11; 26
11; 26
11; 25
11; 27
11; 28
11; 27
11; 25
11; 25
11; 27
11; 28
11; 27
11; 26
11; 26
11; 27
11; 28
11; 27
11; 26
11; 26
11; 27
11; 28
11; 27
11; 26
11; 26
11; 27
11; 29
11; 28
11; 26
11; 26
11; 27
11; 29
11; 28
11; 27
11; 26
11; 27
11; 28
11; 28
11; 27
11; 26
11; 27
11; 29
11; 28
11; 27
11; 26
11; 27
11; 28
11; 28
11; 27
11; 26
11; 27
11; 29
11; 28
11; 27
11; 26
11; 27
11; 28
11; 27
11; 27
11; 26
11; 27
11; 29
11; 28
11; 27
11; 27
11; 27
11; 29
11; 28
11; 27
11; 27
11; 27
11; 29
11; 28
11; 27
11; 26
11; 27
11; 29
11; 28
11; 27
11; 26
11; 27
11; 29
11; 28
11; 27
11; 26
11; 27
11; 28
11; 28
11; 27
11; 26
11; 27
11; 28
11; 28
11; 27
11; 26
11; 27
11; 29
11; 28
11; 27
11; 26
11; 27
11; 28
11; 28
11; 27
11; 26
11; 27
11; 29
11; 28
11; 27
11; 26
11; 27
11; 29
11; 28
11; 27
11; 26
11; 26
11; 28
11; 28
11; 27
11; 26
11; 27
11; 28
11; 28
11; 27
11; 26
11; 27
11; 28
11; 28
11; 27
11; 26
11; 27
11; 29
11; 28
11; 27
11; 26
11; 27
11; 28
11; 28
11; 27
11; 26
11; 27
11; 28
11; 28
11; 27
11; 26
11; 27
11; 28
11; 28
11; 27
11; 26
11; 27
11; 29
11; 28
11; 27
11; 26
11; 27
11; 28
11; 28
11; 27
11; 26
11; 26
11; 28
11; 28
11; 27
11; 26
11; 26
11; 28
11; 28
11; 26
11; 26
11; 27
11; 29
11; 28
11; 27
11; 26
11; 27
11; 28
11; 28
11; 27
11; 26
11; 27
11; 28
11; 28
11; 27
11; 26
11; 27
11; 29
11; 28
11; 27
11; 26
11; 27
11; 28
11; 28
11; 27
11; 26
11; 26
11; 28
11; 28
11; 26
11; 26
11; 26
11; 28
11; 28
11; 27
11; 26
11; 27
11; 28
11; 28
11; 27
11; 26
11; 26
11; 28
11; 28
11; 27
11; 26
11; 26
11; 28
11; 28
11; 27
11; 26
11; 27
11; 28
11; 28
11; 27
11; 22
11; 26
11; 28
11; 28
11; 27
11; 26
11; 26
11; 28
11; 28
11; 27
11; 26
11; 26
11; 28
11; 28
11; 27
11; 26
11; 26
11; 28
11; 28
11; 27
11; 26
11; 26
11; 28
11; 28
11; 27
11; 26
11; 27
11; 28
11; 28
11; 27
11; 26
11; 26
11; 28
11; 28
11; 27
11; 26
11; 27
11; 28
11; 28
11; 27
11; 26
11; 26
11; 28
11; 28
11; 27
11; 26
11; 26
11; 28
11; 28
11; 27
11; 26
11; 27
11; 28
11; 28
11; 27
11; 26
11; 27
11; 28
11; 28
11; 27
11; 26
11; 26
11; 28
11; 28
11; 27
11; 26
11; 26
11; 28
11; 28
11; 27
11; 27
11; 26
12; 28
11; 28
11; 27
11; 26
11; 26
11; 28
11; 28
11; 27
11; 26
11; 26
11; 28
11; 28
11; 27
11; 26
11; 27
11; 28
11; 28
11; 27
11; 26
11; 26
11; 28
11; 28
11; 27
11; 26
11; 26
11; 28
11; 28
11; 27
11; 26
11; 26
11; 28
11; 28
11; 27
11; 26
11; 26
11; 28
11; 28
11; 27
11; 26
11; 26
11; 28
11; 28
11; 27
11; 26
11; 26
11; 28
11; 28
11; 27
11; 27
11; 26
11; 28
11; 28
11; 27
11; 26
11; 26
11; 28
11; 28
11; 27
11; 26
11; 26
11; 28
11; 28
11; 27
11; 27
11; 26
11; 28
11; 28
11; 27
11; 26
11; 26
11; 28
11; 27
11; 28
11; 26
11; 26
11; 27
11; 28
11; 27
11; 26
11; 26
11; 27
11; 28
11; 26
11; 27
11; 26
11; 28
11; 28
11; 27
11; 26
11; 26
11; 27
11; 27
11; 28
11; 26
11; 26
11; 28
11; 28
11; 27
11; 26
11; 26
11; 27
11; 28
11; 27
11; 26
11; 26
11; 27
11; 28
11; 27
11; 26
11; 26
11; 28
11; 29
11; 26
11; 27
11; 26
11; 28
11; 28
11; 27
11; 26
11; 26
11; 28
11; 27
11; 27
11; 26
11; 26
11; 28
11; 29
11; 30
11; 28
11; 30
11; 32
11; 37
11; 40
11; 39
11; 44
11; 46
11; 58
12; 62
11; 65
11; 75
11; 75
12; 94
12; 78
11; 92
11; 105
11; 101
13; 110
11; 105
11; 130
14; 138
13; 134
11; 154
12; 178
11; 148
17; 163
11; 179
13; 198
11; 201
16; 201
12; 198
11; 201
17; 201
15; 201
13; 201
11; 201
15; 201
19; 201
12; 201
11; 201
15; 201
20; 201
15; 201
11; 201
19; 201
19; 201
17; 201
12; 201
17; 201
23; 201
15; 201
15; 201
18; 201
22; 201
17; 201
15; 201
20; 201
21; 201
11; 201
13; 201
11; 201
23; 201
18; 201
20; 201
21; 201
21; 201
13; 201
21; 201
24; 201
18; 201
19; 201
22; 201
26; 201
22; 201
20; 201
26; 201
23; 201
16; 201
23; 201
25; 201
25; 201
18; 201
27; 201
28; 201
20; 201
23; 201
25; 201
27; 201
18; 201
27; 201
29; 201
25; 201
23; 201
27; 201
16; 201
30; 201
31; 201
30; 201
28; 201
25; 201
29; 201
34; 201
18; 201
32; 201
33; 201
28; 201
28; 201
31; 201
34; 201
33; 201
23; 201
35; 201
25; 201
31; 201
35; 201
33; 201
27; 201
36; 201
34; 201
26; 201
33; 201
38; 201
34; 201
32; 201
36; 201
32; 201
30; 201
37; 201
39; 201
28; 201
37; 201
42; 201
28; 201
39; 201
37; 201
35; 201
34; 201
38; 201
41; 201
31; 201
41; 201
41; 201
32; 201
39; 201
45; 201
39; 201
39; 201
43; 201
37; 201
39; 201
42; 201
42; 201
37; 201
41; 201
46; 201
35; 201
46; 201
44; 192
37; 201
44; 201
48; 201
36; 201
44; 201
51; 201
35; 201
47; 201
50; 201
38; 201
46; 201
44; 201
51; 201
47; 201
51; 201
38; 201
49; 201
51; 183
41; 194
48; 184
53; 195
45; 147
47; 201
55; 165
39; 159
51; 199
53; 131
42; 161
51; 142
54; 143
42; 105
52; 157
57; 101
42; 123
55; 77
54; 144
46; 140
55; 111
53; 108
53; 151
47; 108
57; 94
47; 149
58; 153
52; 99
50; 177
57; 125
55; 123
52; 129
58; 152
56; 86
56; 148
60; 122
46; 102
59; 161
61; 98
50; 145
59; 133
61; 144
52; 150
58; 200
61; 138
55; 201
62; 185
55; 136
61; 201
64; 134
53; 155
60; 139
65; 137
54; 125
61; 166
64; 106
56; 168
65; 160
58; 115
62; 187
68; 118
55; 162
65; 146
66; 142
59; 143
66; 167
65; 95
63; 163
70; 132
56; 121
68; 155
67; 68
62; 145
69; 98
61; 116
65; 144
72; 166
61; 152
68; 201
70; 147
65; 201
73; 186
60; 151
70; 187
71; 94
66; 165
72; 95
62; 105
71; 97
74; 81
74; 111
64; 73
73; 57
71; 130
77; 83
63; 101
75; 114
67; 58
72; 138
76; 48
67; 120
76; 68
66; 85
75; 89
76; 69
70; 65
79; 88
69; 67
75; 152
76; 105
82; 153
76; 177
69; 192
79; 201
68; 174
81; 201
78; 130
76; 201
82; 125
71; 157
81; 111
73; 92
79; 95
83; 87
75; 88
83; 109
74; 61
81; 116
83; 57
78; 121
88; 89
73; 99
85; 121
75; 57
84; 138
84; 49
79; 136
86; 71
77; 112
85; 93
84; 87
85; 109
88; 115
80; 125
89; 163
80; 122
86; 197
87; 140
87; 201
92; 154
81; 171
91; 150
79; 109
92; 134
80; 49
90; 111
55; 6
87; 91
92; 6
94; 19
84; 83
92; 39
83; 62
83; 40
92; 50
94; 36
91; 62
95; 59
95; 77
87; 64
86; 56
96; 94
87; 41
93; 108
95; 46
93; 111
98; 61
93; 125
100; 99
88; 145
88; 136
101; 142
98; 164
87; 114
101; 165
90; 68
99; 145
100; 35
96; 124
100; 15
93; 96
103; 21
92; 80
103; 46
91; 65
100; 58
96; 49
102; 67
98; 67
102; 59
103; 56
95; 54
105; 73
95; 51
105; 89
97; 30
101; 85
105; 17
103; 78
104; 21
103; 74
109; 32
99; 83
111; 71
96; 92
110; 106
97; 88
108; 131
97; 79
110; 144
99; 50
108; 130
107; 11
106; 109
108; 6
103; 88
112; 6
102; 73
113; 31
101; 54
109; 43
103; 33
109; 40
112; 22
108; 39
113; 32
106; 31
113; 41
105; 21
115; 60
105; 6
110; 55
114; 6
110; 55
117; 6
108; 49
105; 43
120; 47
119; 22
106; 25
105; 9
116; 57
119; 81
107; 6
117; 100
117; 7
115; 111
119; 6
112; 97
120; 6
111; 62
121; 6
110; 35
119; 11
110; 15
119; 6
118; 6
118; 10
120; 6
115; 7
113; 6
122; 6
124; 6
113; 6
123; 32
116; 6
118; 34
123; 6
120; 38
123; 6
119; 42
127; 6
116; 37
128; 53
130; 24
114; 32
127; 72
115; 27
115; 22
127; 86
128; 97
116; 15
116; 10
126; 115
125; 6
127; 106
128; 6
124; 91
129; 6
122; 81
129; 6
123; 70
131; 6
122; 72
133; 6
133; 6
121; 61
120; 53
134; 22
132; 33
122; 34
122; 44
130; 33
122; 33
130; 39
113; 19
133; 33
132; 19
132; 42
131; 45
134; 27
134; 30
130; 45
133; 38
130; 53
136; 47
130; 43
137; 50
129; 48
139; 59
128; 28
138; 48
129; 6
138; 55
131; 6
134; 55
137; 6
134; 52
138; 6
137; 57
139; 14
135; 66
143; 26
134; 68
144; 43
132; 52
146; 45
142; 201
152; 201
142; 201
143; 201
146; 201
145; 201
141; 201
140; 201
140; 72
142; 169
140; 6
141; 6
141; 6
140; 6
141; 6
141; 6
141; 6
139; 6
140; 6
140; 6
140; 6
140; 6
140; 6
140; 6
140; 6
138; 6
139; 6
139; 6
139; 6
139; 6
139; 6
139; 6
138; 6
138; 6
139; 6
138; 6
139; 6
138; 6
138; 6
138; 6
137; 6
138; 6
138; 6
138; 6
138; 6
138; 6
138; 6
138; 6
137; 6
136; 6
137; 6
137; 6
137; 6
137; 6
136; 6
137; 6
137; 6
136; 6
137; 6
136; 6
136; 6
136; 6
136; 6
136; 6
135; 6
137; 6
136; 6
136; 6
136; 6
135; 6
136; 6
134; 6
136; 6
135; 6
135; 6
135; 6
136; 6
136; 6
135; 6
134; 6
136; 6
135; 6
135; 6
135; 6
135; 6
135; 6
135; 6
135; 6
134; 6
134; 6
135; 6
134; 6
134; 6
135; 6
134; 6
134; 6
133; 6
134; 6
134; 6
134; 6
134; 6
134; 6
133; 6
133; 6
134; 6
134; 6
134; 6
134; 6
134; 6
134; 6
134; 6
134; 6
132; 6
133; 6
133; 6
133; 6
133; 6
133; 6
133; 6
131; 6
133; 6
133; 6
133; 6
133; 6
133; 6
132; 6
133; 6
133; 6
132; 6
133; 6
133; 6
132; 6
133; 6
131; 6
131; 6
133; 6
132; 6
132; 6
132; 6
132; 6
132; 6
130; 6
132; 6
131; 6
132; 6
132; 6
132; 6
132; 6
131; 6
130; 6
132; 6
131; 6
131; 6
131; 6
131; 6
132; 6
131; 6
131; 6
131; 6
131; 6
131; 6
131; 6
131; 6
131; 6
130; 6
131; 6
130; 6
131; 6
130; 6
130; 6
131; 6
131; 6
129; 6
130; 6
130; 6
130; 6
131; 6
130; 6
130; 6
131; 6
129; 6
130; 6
130; 6
130; 6
130; 6
130; 6
130; 6
130; 6
129; 6
130; 6
129; 6
130; 6
130; 6
129; 6
130; 6
130; 6
129; 6
130; 10
130; 20
130; 19
130; 21
128; 20
130; 11
128; 6
129; 6
128; 6
130; 6
129; 6
129; 6
129; 6
128; 6
129; 6
129; 6
130; 6
129; 6
129; 6
129; 6
129; 6
128; 6
129; 6
127; 6
128; 6
129; 6
128; 6
128; 6
128; 6
128; 6
129; 6
129; 6
129; 6
128; 6
128; 6
128; 6
128; 6
127; 6
128; 6
128; 6
128; 7
128; 7
127; 9
128; 15
128; 29
128; 40
128; 43
128; 38
128; 29
128; 18
127; 12
128; 6
127; 6
126; 6
128; 6
127; 6
128; 6
126; 7
127; 6
128; 8
127; 8
127; 10
127; 9
127; 9
128; 9
127; 10
126; 10
127; 10
127; 10
127; 11
127; 11
127; 11
127; 11
127; 12
126; 11
127; 12
127; 12
127; 12
127; 13
127; 12
127; 13
126; 13
126; 13
127; 13
126; 16
126; 22
126; 22
126; 26
127; 33
125; 41
126; 47
127; 44
126; 30
126; 23
126; 19
126; 11
126; 10
125; 10
125; 11
126; 11
126; 16
126; 16
126; 20
126; 18
126; 26
125; 28
126; 23
126; 24
126; 26
126; 29
126; 28
126; 24
125; 15
126; 19
125; 14
125; 20
125; 19
125; 13
126; 15
125; 11
124; 20
125; 21
126; 23
125; 25
125; 31
125; 42
125; 36
125; 46
124; 49
125; 54
126; 57
125; 37
125; 26
125; 46
126; 24
124; 22
123; 19
125; 20
125; 16
125; 12
124; 21
125; 23
125; 24
124; 25
125; 30
125; 31
125; 25
124; 22
124; 18
125; 18
125; 20
123; 20
124; 19
124; 18
124; 20
124; 24
124; 17
124; 20
124; 22
123; 24
125; 35
124; 34
124; 38
124; 46
124; 56
125; 60
123; 52
123; 42
123; 35
124; 30
124; 24
124; 16
123; 12
124; 10
123; 12
123; 15
124; 13
123; 12
123; 13
123; 14
123; 14
124; 18
122; 10
123; 12
124; 15
123; 12
123; 11
123; 7
123; 12
123; 6
122; 16
123; 14
122; 14
123; 19
123; 15
123; 27
123; 37
123; 32
123; 45
124; 52
122; 56
123; 50
123; 38
123; 25
123; 22
122; 14
122; 9
122; 6
123; 11
121; 6
122; 17
122; 17
123; 16
122; 19
122; 23
122; 26
122; 23
122; 21
122; 17
123; 20
122; 21
121; 17
122; 17
121; 20
122; 23
122; 23
122; 26
122; 21
122; 23
121; 25
123; 37
121; 40
122; 41
122; 48
122; 57
122; 61
121; 57
121; 49
122; 40
122; 36
122; 30
121; 23
121; 16
122; 13
122; 16
122; 22
121; 22
121; 24
121; 21
121; 29
121; 29
122; 29
120; 23
122; 26
121; 29
121; 26
121; 28
121; 23
122; 19
120; 22
121; 25
122; 22
121; 26
121; 28
121; 33
121; 38
121; 42
121; 52
120; 54
121; 58
120; 56
121; 44
121; 29
121; 20
121; 17
120; 15
120; 15
121; 10
121; 11
121; 14
120; 15
120; 14
121; 17
121; 22
119; 21
120; 29
120; 26
120; 23
120; 15
120; 15
120; 20
119; 21
121; 18
120; 16
120; 21
120; 28
120; 31
120; 32
119; 51
121; 62
120; 39
120; 63
120; 39
120; 58
120; 46
120; 31
119; 19
119; 11
120; 11
120; 12
120; 17
119; 17
120; 16
120; 19
118; 17
120; 22
119; 16
119; 13
119; 12
119; 16
119; 20
119; 20
118; 17
119; 16
119; 15
119; 16
119; 20
119; 18
119; 23
119; 31
119; 45
120; 53
120; 61
119; 66
119; 66
119; 61
119; 46
118; 29
119; 14
118; 6
118; 6
119; 7
119; 11
119; 6
119; 6
117; 17
119; 18
118; 18
119; 13
118; 16
119; 19
119; 17
117; 15
119; 14
118; 12
118; 16
118; 16
118; 19
118; 17
118; 24
118; 28
118; 34
118; 36
118; 42
118; 55
119; 71
118; 72
118; 65
118; 51
118; 36
118; 27
118; 17
118; 9
118; 9
118; 6
118; 14
118; 18
117; 14
118; 6
118; 12
118; 13
118; 17
117; 13
117; 6
117; 6
118; 6
117; 6
117; 6
117; 6
117; 6
117; 6
117; 8
117; 11
117; 12
117; 17
118; 25
117; 35
117; 46
118; 57
118; 67
118; 74
117; 70
117; 56
117; 38
117; 27
117; 19
117; 11
117; 6
117; 6
117; 6
116; 6
117; 6
117; 6
117; 6
117; 7
115; 10
117; 9
116; 11
117; 6
116; 6
116; 12
117; 11
116; 9
117; 10
117; 8
115; 6
117; 7
116; 7
116; 8
117; 8
116; 9
116; 10
116; 10
116; 11
116; 10
116; 20
116; 28
116; 13
115; 42
116; 59
116; 72
116; 78
116; 69
116; 57
117; 43
115; 36
115; 21
116; 9
115; 6
115; 6
116; 6
115; 6
115; 6
116; 7
114; 7
116; 11
115; 13
115; 9
115; 9
115; 10
116; 10
115; 11
114; 12
116; 12
115; 12
115; 13
115; 13
115; 13
115; 14
114; 14
115; 15
116; 17
115; 16
115; 16
115; 16
115; 23
115; 24
114; 26
115; 31
114; 44
115; 59
115; 68
115; 70
115; 57
115; 65
114; 51
114; 37
114; 26
114; 18
115; 16
114; 20
115; 22
114; 23
114; 35
114; 26
115; 30
114; 35
114; 29
114; 26
115; 21
113; 24
114; 25
114; 23
114; 22
114; 22
114; 27
114; 24
114; 22
113; 19
114; 18
114; 21
114; 20
114; 19
114; 18
114; 21
113; 25
112; 30
114; 30
113; 36
114; 50
114; 64
114; 71
114; 63
112; 52
114; 38
114; 33
114; 23
113; 10
113; 15
114; 12
114; 16
112; 18
114; 19
113; 21
114; 25
113; 32
113; 37
113; 32
113; 27
114; 28
112; 24
113; 27
113; 24
113; 25
113; 26
113; 31
113; 30
112; 26
111; 28
113; 25
113; 31
113; 35
113; 34
113; 30
113; 39
112; 55
113; 65
112; 70
113; 63
113; 53
113; 45
111; 36
112; 27
113; 18
113; 20
112; 26
113; 31
112; 27
113; 27
111; 35
112; 27
113; 37
112; 32
112; 30
112; 29
112; 31
112; 29
111; 17
113; 23
112; 15
112; 23
112; 27
112; 26
112; 27
112; 26
112; 31
113; 48
111; 39
112; 56
112; 63
112; 72
112; 72
113; 58
111; 41
112; 25
111; 18
112; 12
111; 9
112; 6
111; 6
112; 11
111; 6
111; 13
111; 13
111; 16
111; 22
111; 21
112; 25
111; 24
110; 20
112; 22
111; 24
111; 25
111; 20
111; 20
111; 20
110; 21
111; 24
111; 29
111; 49
111; 37
111; 65
111; 76
111; 73
110; 71
111; 61
111; 44
111; 29
111; 14
111; 10
111; 10
111; 12
109; 12
111; 12
111; 14
111; 27
111; 18
111; 28
111; 23
111; 23
110; 21
111; 23
110; 22
111; 19
110; 12
110; 12
111; 14
110; 14
111; 10
111; 9
110; 11
111; 23
110; 35
111; 47
111; 64
110; 72
110; 82
111; 75
110; 60
110; 27
110; 38
110; 20
108; 12
110; 6
110; 6
110; 6
110; 8
110; 12
110; 10
110; 8
110; 12
109; 13
111; 14
109; 10
110; 9
110; 11
109; 11
110; 15
109; 7
108; 6
111; 8
109; 11
110; 8
109; 10
109; 15
110; 22
108; 37
109; 47
110; 59
110; 70
110; 75
110; 80
110; 70
110; 55
108; 44
110; 29
108; 19
109; 9
110; 6
109; 6
109; 6
108; 11
109; 9
109; 11
109; 17
109; 17
109; 21
109; 22
109; 20
110; 17
110; 15
109; 16
108; 15
108; 12
108; 10
109; 11
109; 10
107; 13
109; 9
108; 6
108; 13
108; 16
108; 19
109; 20
108; 26
107; 38
109; 58
108; 73
108; 78
109; 78
109; 75
109; 69
108; 56
107; 37
107; 21
108; 12
108; 14
108; 15
108; 11
108; 8
108; 12
107; 19
108; 20
108; 23
108; 19
108; 21
108; 21
108; 20
107; 16
106; 11
107; 9
108; 13
108; 17
108; 14
108; 11
108; 10
107; 14
108; 18
107; 17
107; 16
108; 16
107; 21
107; 16
107; 15
106; 15
108; 21
107; 31
108; 69
108; 45
107; 60
108; 72
108; 70
107; 61
108; 40
107; 24
107; 12
107; 8
107; 6
108; 9
106; 12
106; 7
108; 18
107; 25
107; 27
107; 25
107; 27
107; 27
107; 24
106; 24
107; 21
107; 23
107; 25
106; 25
107; 23
106; 21
105; 22
107; 24
106; 25
106; 25
106; 25
106; 22
107; 32
106; 38
106; 42
108; 47
107; 70
107; 56
106; 78
106; 67
107; 55
105; 34
106; 26
106; 21
106; 10
107; 6
106; 12
106; 7
106; 16
104; 17
106; 16
106; 21
105; 16
106; 27
106; 20
106; 26
106; 20
106; 23
105; 21
106; 23
106; 17
106; 21
106; 19
106; 19
106; 18
104; 17
105; 19
105; 23
106; 30
106; 38
105; 43
106; 51
106; 63
105; 71
106; 69
105; 60
105; 41
105; 31
105; 26
106; 16
104; 12
105; 11
106; 13
105; 14
105; 18
105; 19
105; 21
105; 24
104; 25
106; 24
104; 24
105; 21
105; 22
105; 24
105; 24
105; 17
103; 15
105; 13
105; 15
105; 14
105; 16
105; 18
105; 24
105; 30
105; 46
106; 58
105; 68
105; 76
105; 81
105; 70
105; 53
105; 25
103; 35
105; 12
104; 19
104; 10
104; 12
105; 16
105; 23
103; 25
105; 24
104; 24
104; 27
104; 32
104; 29
105; 23
103; 17
104; 14
105; 14
104; 11
104; 9
103; 6
104; 12
104; 7
103; 12
104; 16
104; 15
104; 24
104; 37
104; 53
105; 67
104; 75
104; 78
103; 65
103; 80
104; 47
104; 28
103; 18
104; 11
104; 7
103; 6
104; 6
104; 14
103; 21
104; 21
104; 16
103; 15
103; 14
104; 19
103; 17
103; 17
103; 15
103; 15
103; 19
103; 18
102; 16
103; 16
103; 16
103; 23
103; 25
103; 30
103; 32
104; 38
103; 51
103; 63
104; 71
103; 73
103; 67
103; 62
103; 48
103; 32
101; 17
103; 6
103; 6
102; 6
103; 6
103; 10
103; 15
103; 6
101; 18
103; 20
102; 18
103; 18
103; 20
103; 20
103; 18
102; 13
102; 11
103; 19
102; 21
102; 19
102; 18
103; 22
103; 26
101; 28
102; 33
102; 30
102; 43
103; 60
102; 71
103; 75
103; 74
101; 66
103; 56
102; 40
102; 25
102; 10
102; 16
102; 12
102; 13
100; 12
102; 14
103; 12
102; 20
102; 25
102; 26
102; 25
101; 25
101; 25
102; 28
102; 23
102; 20
102; 18
102; 19
102; 17
100; 16
102; 19
101; 22
102; 29
101; 39
102; 50
102; 59
102; 70
101; 83
101; 90
102; 80
102; 65
101; 49
101; 36
101; 25
101; 14
100; 7
102; 6
101; 17
101; 10
101; 20
101; 16
101; 18
101; 17
101; 19
100; 18
101; 16
101; 13
101; 15
101; 17
101; 12
100; 8
100; 7
102; 9
101; 10
101; 11
101; 17
101; 25
100; 56
102; 39
101; 69
102; 80
101; 83
101; 84
101; 74
101; 38
101; 54
99; 23
101; 16
100; 9
101; 6
101; 6
100; 6
101; 12
100; 16
99; 16
101; 15
100; 14
100; 16
100; 20
100; 17
100; 10
100; 10
100; 7
100; 10
100; 11
100; 12
101; 8
100; 18
101; 23
99; 25
100; 34
100; 52
100; 86
101; 70
100; 93
100; 89
100; 80
99; 71
101; 61
100; 26
99; 46
99; 17
100; 12
100; 11
100; 6
99; 8
101; 12
100; 14
100; 13
100; 16
99; 14
99; 14
99; 15
99; 13
100; 18
99; 10
99; 7
99; 6
99; 9
99; 7
99; 7
99; 15
99; 9
99; 25
99; 31
99; 40
100; 85
99; 57
99; 73
99; 84
99; 76
99; 64
99; 50
99; 37
99; 22
99; 9
99; 6
99; 6
99; 9
99; 8
99; 9
99; 10
99; 14
99; 14
99; 15
99; 12
99; 11
99; 13
99; 19
98; 15
98; 12
99; 14
99; 11
99; 16
99; 15
98; 12
99; 10
99; 11
98; 19
98; 21
99; 40
98; 28
99; 58
99; 73
98; 78
98; 69
98; 58
97; 49
99; 37
98; 18
98; 6
98; 6
98; 6
98; 6
97; 6
98; 6
98; 6
98; 18
98; 10
98; 17
98; 18
98; 14
98; 17
98; 20
98; 16
98; 12
97; 9
98; 11
98; 17
98; 19
96; 20
98; 21
97; 28
98; 36
98; 41
98; 53
98; 69
97; 99
98; 90
98; 95
98; 79
98; 60
98; 45
98; 32
98; 19
96; 12
97; 12
98; 14
97; 18
97; 22
97; 29
97; 26
98; 33
96; 33
97; 34
97; 24
98; 29
97; 23
97; 28
97; 24
96; 20
97; 21
98; 21
97; 22
97; 20
97; 20
97; 24
97; 36
98; 53
98; 72
97; 84
97; 91
98; 89
97; 78
97; 61
97; 43
96; 25
96; 17
97; 12
97; 6
96; 7
96; 6
97; 10
97; 15
96; 17
96; 16
96; 12
97; 13
97; 17
96; 14
96; 12
97; 9
95; 8
97; 7
96; 6
97; 6
95; 6
96; 9
97; 15
96; 23
95; 35
97; 52
96; 71
97; 84
96; 85
96; 79
97; 70
96; 56
95; 43
97; 33
96; 17
96; 9
95; 6
96; 9
97; 11
95; 9
95; 9
96; 10
96; 11
96; 12
96; 13
96; 13
96; 15
94; 17
96; 14
96; 13
96; 12
96; 13
96; 15
96; 15
95; 13
94; 15
96; 26
96; 61
95; 41
96; 75
96; 82
96; 84
95; 83
95; 72
96; 59
96; 45
95; 31
95; 22
95; 14
96; 7
95; 6
95; 6
95; 6
95; 10
95; 12
95; 13
95; 15
95; 17
94; 15
94; 9
95; 6
94; 6
95; 6
96; 6
95; 6
95; 6
95; 6
95; 6
94; 20
95; 9
94; 6
95; 34
95; 56
95; 74
95; 85
95; 87
94; 84
95; 77
94; 66
95; 53
95; 39
95; 30
95; 21
95; 23
94; 15
94; 8
94; 10
95; 10
94; 8
94; 9
95; 8
95; 10
95; 15
94; 12
94; 7
94; 6
94; 10
95; 8
94; 6
93; 7
94; 6
94; 9
94; 10
95; 10
94; 10
93; 15
94; 28
94; 47
94; 63
94; 77
94; 79
95; 78
93; 73
94; 63
93; 47
94; 33
94; 23
94; 21
94; 15
94; 12
92; 14
94; 19
94; 22
94; 23
94; 18
94; 15
94; 13
94; 17
92; 15
94; 11
93; 8
94; 6
93; 9
93; 10
94; 11
93; 9
93; 6
94; 12
93; 13
93; 17
93; 22
94; 33
94; 53
94; 68
92; 79
94; 87
92; 89
93; 82
93; 51
93; 70
94; 36
93; 26
93; 23
94; 17
93; 12
93; 13
93; 19
92; 18
93; 20
92; 16
93; 13
93; 16
93; 19
92; 21
93; 14
93; 10
93; 8
91; 12
93; 11
93; 10
93; 9
92; 10
93; 14
93; 20
92; 31
93; 22
94; 47
93; 81
92; 67
93; 90
93; 91
93; 87
93; 66
92; 78
93; 50
92; 36
92; 23
92; 19
93; 11
92; 10
92; 11
92; 11
92; 15
92; 17
92; 13
92; 8
92; 12
92; 12
92; 8
92; 11
92; 11
92; 8
92; 10
92; 11
92; 6
92; 7
92; 10
93; 20
92; 23
92; 31
92; 39
92; 54
93; 76
91; 88
92; 89
92; 84
92; 75
92; 70
92; 62
92; 49
92; 34
90; 22
92; 17
91; 16
91; 12
91; 13
91; 14
92; 17
91; 17
90; 14
92; 8
91; 8
90; 6
92; 6
91; 6
91; 6
91; 6
91; 6
92; 6
91; 6
91; 6
91; 6
92; 6
91; 11
91; 16
90; 30
92; 50
91; 85
91; 71
91; 88
91; 85
92; 84
90; 79
90; 67
92; 50
91; 37
91; 18
91; 26
91; 14
91; 12
91; 7
91; 6
91; 9
90; 8
91; 8
90; 8
91; 6
90; 6
90; 6
91; 6
91; 6
90; 6
90; 6
90; 6
90; 6
91; 6
90; 6
90; 6
91; 6
90; 6
90; 13
90; 25
90; 43
89; 60
91; 77
91; 80
90; 82
90; 77
90; 70
90; 57
90; 42
89; 33
89; 27
89; 20
90; 14
90; 14
90; 15
91; 18
90; 21
89; 22
91; 20
90; 18
91; 16
90; 16
90; 9
90; 6
90; 14
90; 6
89; 6
88; 6
89; 6
90; 6
89; 6
90; 7
89; 6
90; 7
89; 14
90; 22
89; 37
90; 54
90; 66
90; 79
88; 84
90; 78
89; 65
89; 52
89; 40
89; 33
89; 25
90; 17
89; 12
90; 14
89; 20
90; 26
89; 27
89; 29
89; 29
89; 32
90; 28
90; 22
88; 17
89; 14
89; 15
89; 14
89; 13
88; 14
89; 14
89; 17
90; 16
89; 20
89; 21
89; 26
88; 51
89; 38
89; 67
89; 80
89; 88
89; 89
89; 92
89; 75
89; 59
87; 46
89; 38
88; 28
89; 17
89; 15
89; 15
89; 22
88; 27
88; 24
88; 23
88; 24
88; 27
88; 26
88; 19
88; 13
87; 13
89; 18
89; 14
89; 6
88; 10
88; 10
89; 15
89; 18
87; 17
89; 19
87; 30
89; 52
88; 70
88; 82
89; 88
88; 93
88; 91
89; 83
87; 71
88; 55
88; 39
88; 29
89; 18
87; 7
88; 6
88; 12
88; 7
88; 15
87; 14
88; 13
88; 13
87; 15
88; 14
87; 9
88; 7
88; 6
88; 6
87; 6
87; 6
87; 6
88; 6
87; 6
87; 6
88; 6
87; 6
88; 15
88; 32
86; 53
87; 72
87; 81
88; 80
89; 79
88; 75
88; 65
86; 43
88; 53
88; 30
87; 20
87; 8
87; 6
87; 6
87; 6
87; 6
87; 6
87; 6
86; 6
87; 13
87; 13
87; 6
86; 6
87; 6
87; 6
86; 6
85; 6
86; 6
86; 6
87; 6
87; 6
87; 8
87; 6
86; 21
87; 41
87; 65
87; 82
87; 103
87; 95
87; 114
88; 113
86; 101
87; 67
87; 83
87; 55
87; 43
86; 32
86; 23
87; 15
87; 13
86; 12
87; 10
86; 6
86; 6
85; 8
85; 9
86; 6
87; 8
87; 6
87; 6
86; 6
86; 6
86; 6
86; 6
85; 6
86; 6
86; 6
86; 6
86; 11
86; 6
86; 47
85; 28
86; 75
86; 62
86; 86
86; 87
87; 80
85; 69
86; 56
86; 44
86; 34
86; 24
86; 16
86; 12
86; 17
84; 18
86; 17
86; 16
86; 14
86; 19
85; 18
86; 13
86; 7
85; 6
85; 6
84; 6
86; 6
86; 6
85; 6
86; 13
84; 15
85; 8
86; 19
85; 27
86; 41
86; 60
85; 80
85; 91
85; 98
85; 97
86; 88
86; 71
85; 59
85; 48
85; 37
85; 30
85; 19
85; 23
85; 20
86; 21
85; 27
85; 24
85; 25
85; 26
85; 29
84; 28
84; 26
85; 19
85; 16
85; 16
85; 13
85; 8
83; 7
85; 7
84; 14
84; 22
85; 42
85; 33
85; 58
86; 79
84; 93
86; 96
85; 96
84; 92
85; 82
85; 73
84; 54
85; 37
85; 26
85; 24
85; 23
83; 22
84; 19
85; 18
85; 18
84; 16
85; 13
84; 10
84; 6
85; 6
85; 6
84; 6
84; 6
84; 6
85; 6
83; 6
85; 6
85; 6
85; 23
84; 9
84; 42
84; 63
85; 82
85; 103
85; 104
85; 94
85; 96
84; 85
84; 72
85; 61
84; 51
84; 43
84; 32
84; 21
84; 24
84; 16
84; 11
84; 10
84; 12
84; 12
84; 15
84; 12
84; 6
84; 6
84; 6
83; 6
84; 6
84; 6
84; 6
84; 6
83; 6
83; 6
84; 6
83; 11
84; 30
84; 49
84; 66
84; 80
84; 88
84; 90
84; 90
84; 82
83; 73
84; 59
84; 49
84; 39
83; 27
84; 21
83; 21
83; 21
83; 22
83; 18
83; 17
83; 13
83; 15
83; 12
83; 6
83; 6
83; 6
83; 6
83; 6
84; 6
83; 6
81; 6
82; 6
83; 6
83; 6
83; 6
84; 19
82; 6
84; 42
83; 78
83; 64
83; 89
83; 96
83; 98
82; 90
84; 75
83; 67
83; 48
83; 56
83; 37
83; 29
81; 26
83; 25
82; 25
82; 22
82; 17
82; 13
83; 13
83; 13
82; 6
81; 6
82; 6
81; 6
83; 6
82; 6
82; 6
82; 6
82; 6
82; 6
82; 6
82; 6
82; 6
81; 6
82; 33
82; 18
82; 52
83; 69
82; 82
83; 88
83; 86
82; 80
82; 67
82; 58
82; 47
82; 39
82; 31
82; 28
82; 26
82; 26
82; 25
82; 24
82; 23
81; 25
82; 26
82; 18
82; 6
81; 10
82; 6
82; 6
82; 6
81; 6
82; 6
82; 6
80; 6
80; 6
82; 6
82; 6
82; 16
81; 34
82; 79
82; 56
82; 92
82; 101
82; 105
82; 98
82; 84
80; 74
81; 63
81; 49
82; 37
81; 27
81; 21
82; 21
81; 26
80; 24
81; 24
81; 27
81; 28
81; 21
81; 23
82; 12
81; 6
82; 6
81; 6
79; 6
82; 6
81; 6
81; 6
81; 6
81; 19
81; 6
81; 8
81; 39
81; 59
81; 74
82; 85
81; 89
80; 93
82; 85
80; 74
81; 62
81; 45
81; 52
81; 39
80; 34
81; 28
82; 26
81; 27
81; 31
81; 29
81; 23
81; 20
80; 19
81; 16
81; 11
80; 6
81; 6
81; 6
80; 6
81; 6
80; 6
80; 6
80; 9
81; 6
80; 18
80; 36
81; 58
81; 75
81; 93
82; 92
80; 88
81; 86
81; 78
80; 69
81; 42
81; 56
81; 32
81; 27
80; 25
81; 23
80; 17
80; 21
81; 20
80; 22
81; 23
81; 23
80; 18
80; 13
80; 10
80; 6
80; 6
80; 6
80; 6
80; 6
78; 6
80; 6
80; 6
80; 6
79; 18
79; 39
80; 6
81; 60
80; 76
80; 87
81; 81
80; 86
80; 73
80; 59
78; 66
80; 45
80; 32
79; 24
79; 21
79; 16
80; 23
78; 14
80; 13
79; 17
79; 17
79; 18
80; 8
79; 13
80; 6
80; 6
78; 6
80; 6
79; 6
79; 6
79; 6
79; 6
79; 6
79; 6
79; 27
78; 6
79; 6
79; 49
80; 64
79; 79
78; 88
80; 87
79; 81
79; 69
79; 52
79; 61
79; 40
78; 29
79; 21
79; 20
79; 17
79; 15
79; 12
79; 10
79; 11
79; 16
79; 14
79; 8
77; 6
79; 6
79; 6
78; 6
78; 6
78; 6
79; 6
78; 6
77; 6
79; 6
78; 6
79; 13
78; 6
78; 33
79; 72
79; 53
79; 85
79; 93
79; 93
79; 80
77; 57
79; 70
79; 46
78; 35
78; 27
78; 18
78; 15
79; 18
78; 20
77; 21
79; 21
78; 26
78; 30
78; 27
78; 18
79; 11
77; 8
77; 6
78; 6
78; 8
78; 6
78; 6
78; 6
78; 11
76; 16
78; 24
78; 43
78; 67
78; 88
78; 101
79; 104
78; 105
77; 97
79; 85
77; 68
78; 54
78; 42
78; 31
78; 23
77; 18
77; 14
79; 15
78; 17
77; 18
77; 17
78; 15
78; 13
76; 15
78; 20
77; 16
78; 8
78; 6
77; 10
78; 12
78; 10
78; 8
76; 8
77; 19
77; 31
77; 46
78; 64
78; 82
77; 95
77; 97
78; 95
78; 90
78; 79
78; 71
77; 57
77; 44
77; 35
76; 34
78; 30
77; 26
78; 25
77; 24
77; 25
78; 27
77; 27
76; 23
78; 16
76; 15
77; 13
77; 13
77; 6
77; 6
77; 6
77; 6
76; 6
76; 6
77; 6
77; 33
77; 9
78; 55
76; 69
78; 81
77; 88
78; 93
77; 92
77; 65
77; 80
77; 52
76; 42
76; 23
77; 33
77; 15
77; 16
77; 16
77; 13
77; 7
76; 9
77; 10
76; 9
77; 6
76; 6
76; 6
76; 6
76; 6
77; 6
75; 6
75; 6
77; 6
76; 6
76; 6
76; 6
76; 6
77; 24
76; 48
77; 66
76; 74
76; 76
77; 70
76; 65
77; 49
76; 58
76; 38
76; 29
76; 25
76; 20
76; 14
75; 11
76; 11
76; 13
76; 13
76; 10
76; 6
76; 6
76; 6
76; 6
76; 6
75; 6
76; 6
75; 6
76; 6
75; 6
75; 6
75; 6
76; 6
76; 6
76; 21
76; 43
76; 64
76; 80
76; 86
75; 86
76; 81
75; 73
76; 63
75; 54
75; 42
76; 31
75; 23
74; 22
76; 18
75; 19
76; 21
75; 20
75; 24
75; 26
75; 24
75; 19
76; 20
75; 19
75; 12
75; 6
75; 6
75; 6
75; 6
75; 6
75; 6
74; 6
75; 8
75; 24
75; 48
75; 72
74; 90
76; 98
75; 100
75; 94
75; 82
75; 70
75; 58
75; 47
74; 36
75; 24
75; 18
75; 16
75; 26
75; 29
75; 27
73; 25
75; 30
75; 28
75; 31
75; 24
75; 16
75; 12
75; 14
73; 14
75; 11
74; 7
73; 10
74; 6
75; 16
74; 23
74; 33
75; 82
75; 72
74; 51
75; 88
74; 85
75; 81
75; 75
74; 65
74; 51
75; 43
74; 34
75; 28
74; 25
74; 23
75; 21
73; 24
74; 25
75; 29
74; 23
74; 21
74; 22
74; 21
74; 17
73; 8
74; 6
74; 6
73; 6
74; 6
73; 6
75; 6
74; 6
73; 26
75; 50
74; 69
74; 88
75; 81
75; 90
74; 86
74; 74
73; 64
75; 56
74; 51
74; 44
73; 37
74; 32
74; 29
74; 29
73; 31
74; 29
74; 29
74; 29
74; 30
74; 27
74; 23
73; 15
74; 8
74; 6
72; 6
74; 6
73; 6
74; 6
73; 6
73; 6
74; 6
73; 25
74; 50
74; 68
73; 79
74; 81
74; 82
72; 80
74; 78
73; 70
73; 49
74; 60
73; 41
74; 39
73; 39
72; 32
74; 28
73; 29
74; 27
73; 31
73; 29
74; 24
72; 21
73; 19
73; 6
74; 15
74; 6
73; 6
73; 6
73; 6
73; 6
73; 6
73; 6
72; 6
73; 6
73; 27
73; 45
73; 60
73; 6
74; 69
73; 70
73; 66
73; 64
73; 58
72; 42
73; 52
73; 30
73; 23
73; 21
73; 24
73; 20
73; 22
71; 22
73; 20
73; 18
72; 13
73; 8
73; 8
72; 8
73; 6
72; 6
73; 6
73; 6
72; 6
72; 6
73; 6
72; 6
72; 6
72; 6
72; 6
72; 6
71; 6
72; 6
72; 6
72; 26
73; 46
72; 61
71; 74
73; 84
72; 84
72; 77
72; 66
72; 47
72; 54
71; 39
71; 28
73; 24
72; 24
72; 26
72; 28
72; 29
72; 26
71; 29
73; 34
72; 30
72; 23
72; 20
72; 18
72; 15
72; 13
70; 8
72; 6
71; 6
72; 6
72; 6
72; 6
71; 6
71; 6
72; 6
72; 8
72; 10
71; 14
72; 26
72; 76
72; 52
71; 90
72; 102
72; 104
72; 103
72; 93
72; 81
72; 71
70; 57
72; 62
72; 53
71; 47
72; 44
71; 44
72; 49
72; 50
71; 49
70; 47
72; 44
71; 42
71; 44
71; 42
71; 37
70; 28
72; 30
71; 24
72; 22
71; 20
71; 17
71; 18
72; 14
70; 13
70; 10
72; 11
71; 23
71; 41
71; 58
72; 67
71; 75
71; 80
71; 79
71; 61
71; 70
71; 56
71; 53
71; 47
71; 43
71; 39
71; 49
71; 41
71; 47
71; 49
71; 49
71; 51
71; 53
71; 50
71; 45
71; 33
71; 39
71; 17
71; 25
71; 10
71; 6
71; 6
71; 6
71; 6
70; 6
70; 6
71; 6
71; 6
71; 29
71; 53
71; 71
71; 85
71; 79
71; 87
71; 79
71; 69
71; 57
71; 48
71; 29
71; 39
71; 21
71; 17
71; 17
71; 14
70; 13
70; 14
71; 19
70; 23
71; 19
70; 15
70; 9
70; 6
70; 6
71; 6
70; 6
69; 6
70; 6
70; 6
70; 6
70; 6
70; 6
70; 6
69; 6
70; 6
71; 6
70; 25
71; 39
71; 51
69; 57
71; 55
70; 50
70; 44
70; 42
70; 37
70; 25
69; 18
71; 15
70; 13
70; 16
70; 15
70; 19
71; 29
70; 23
69; 28
70; 29
70; 24
70; 22
70; 16
70; 23
69; 6
70; 7
70; 6
70; 6
69; 6
68; 6
70; 6
69; 6
69; 6
69; 6
69; 6
70; 26
70; 6
70; 51
69; 71
70; 64
70; 70
69; 66
68; 63
70; 58
69; 44
69; 52
69; 36
69; 30
70; 24
69; 20
68; 20
70; 26
69; 33
69; 32
70; 31
69; 29
68; 26
70; 28
69; 24
69; 16
69; 7
70; 6
70; 6
69; 6
69; 6
69; 6
69; 6
69; 6
69; 6
67; 6
69; 6
69; 6
69; 14
68; 38
70; 56
69; 70
69; 80
69; 87
69; 77
70; 64
68; 53
68; 49
70; 46
69; 38
69; 31
69; 23
69; 26
69; 33
69; 38
69; 42
68; 44
69; 46
68; 49
69; 43
69; 31
68; 22
67; 19
69; 16
68; 12
67; 7
68; 6
69; 6
68; 6
68; 6
68; 6
68; 6
68; 17
68; 40
68; 61
68; 76
69; 85
67; 90
69; 86
69; 75
68; 63
68; 53
68; 46
68; 40
69; 37
69; 41
68; 37
69; 45
67; 50
68; 51
68; 49
69; 39
68; 47
68; 37
68; 29
69; 21
68; 7
68; 6
67; 6
68; 6
68; 6
68; 6
68; 6
68; 6
67; 6
68; 24
69; 6
68; 40
68; 52
67; 59
68; 60
68; 56
68; 50
68; 49
68; 43
68; 38
67; 31
67; 34
68; 35
67; 34
67; 35
68; 39
68; 48
68; 45
66; 43
68; 34
67; 27
68; 21
67; 15
67; 10
67; 6
67; 6
68; 6
68; 6
67; 6
67; 6
67; 16
68; 33
68; 47
67; 55
66; 56
68; 57
67; 55
67; 53
67; 44
67; 36
68; 28
66; 27
66; 22
67; 23
67; 22
67; 23
67; 27
68; 32
67; 32
66; 30
68; 30
67; 34
67; 37
67; 32
67; 23
67; 21
67; 18
65; 14
67; 7
67; 11
65; 6
67; 28
67; 46
68; 56
66; 63
67; 67
68; 69
67; 64
67; 56
67; 47
67; 43
67; 42
67; 43
66; 41
67; 40
66; 39
67; 36
67; 33
67; 28
67; 24
66; 21
66; 19
67; 22
67; 21
66; 19
66; 17
67; 17
66; 14
65; 12
67; 12
67; 13
67; 22
67; 40
66; 55
67; 62
67; 65
67; 72
66; 81
67; 77
67; 77
67; 76
67; 74
67; 67
66; 55
66; 46
67; 41
66; 39
66; 36
66; 32
66; 24
67; 16
65; 12
66; 7
66; 6
65; 6
67; 6
66; 6
66; 6
66; 6
66; 6
66; 6
66; 6
66; 6
67; 6
66; 9
67; 19
66; 36
65; 48
67; 56
66; 61
66; 58
66; 63
66; 62
67; 58
65; 52
66; 45
67; 42
66; 38
66; 33
66; 28
66; 25
66; 24
65; 27
66; 28
66; 27
66; 26
66; 29
66; 26
66; 16
66; 10
66; 6
66; 6
64; 6
66; 6
66; 6
66; 6
66; 6
66; 6
64; 8
67; 10
64; 6
66; 6
66; 9
65; 6
65; 6
65; 6
65; 6
66; 8
65; 16
65; 26
65; 36
66; 43
65; 42
66; 44
64; 39
66; 33
64; 26
65; 14
65; 6
65; 6
65; 6
65; 6
65; 6
66; 13
65; 23
65; 19
65; 23
65; 24
65; 17
64; 14
66; 16
65; 21
65; 23
65; 23
65; 19
65; 15
65; 14
63; 14
64; 13
65; 12
65; 11
65; 17
64; 18
65; 19
64; 19
64; 18
64; 16
65; 12
64; 9
65; 14
65; 27
65; 43
64; 53
65; 61
65; 68
65; 72
65; 78
64; 76
65; 69
65; 61
63; 50
65; 42
64; 33
65; 26
64; 21
65; 24
64; 21
64; 25
64; 23
64; 27
65; 26
64; 29
64; 30
65; 29
63; 30
65; 31
64; 30
65; 27
64; 21
64; 18
64; 19
64; 21
65; 18
63; 12
65; 10
64; 13
64; 14
64; 14
64; 15
64; 15
64; 21
63; 33
65; 43
64; 53
64; 48
64; 58
64; 63
64; 58
64; 47
62; 36
64; 28
63; 22
64; 17
63; 9
63; 13
64; 13
64; 21
62; 27
65; 25
64; 25
64; 32
64; 42
64; 35
63; 42
63; 34
64; 35
65; 37
64; 36
63; 35
64; 31
64; 27
64; 31
62; 23
63; 16
63; 16
64; 39
64; 57
63; 25
64; 71
64; 87
62; 102
65; 114
64; 115
64; 112
64; 105
64; 96
64; 86
63; 73
63; 58
65; 49
63; 47
64; 49
63; 42
64; 37
63; 29
64; 31
64; 33
64; 33
64; 31
63; 27
63; 30
64; 23
64; 20
62; 16
64; 15
63; 15
64; 18
63; 18
63; 19
63; 19
63; 21
62; 21
63; 25
63; 44
63; 53
63; 33
63; 58
64; 53
63; 48
63; 42
64; 32
64; 26
63; 17
63; 6
63; 6
63; 6
63; 6
63; 6
62; 6
62; 6
63; 6
63; 6
62; 6
62; 6
63; 6
63; 6
62; 6
61; 6
63; 6
62; 6
62; 6
62; 6
63; 6
63; 6
62; 6
62; 6
63; 6
62; 6
62; 21
63; 39
61; 55
62; 71
63; 66
63; 73
62; 74
63; 75
63; 75
62; 70
63; 49
63; 46
62; 60
62; 44
62; 42
62; 37
63; 33
62; 31
62; 33
62; 33
62; 27
62; 19
62; 14
62; 10
62; 6
62; 6
62; 6
61; 6
61; 6
62; 6
62; 6
62; 6
62; 6
62; 6
63; 18
61; 39
62; 56
62; 63
62; 67
61; 55
62; 64
63; 44
61; 50
62; 36
62; 26
62; 10
61; 16
62; 9
61; 9
62; 15
62; 20
62; 28
61; 32
61; 33
62; 27
61; 21
60; 22
62; 23
61; 16
61; 6
61; 6
61; 9
62; 8
61; 6
61; 6
61; 6
60; 6
61; 6
62; 6
61; 13
62; 27
60; 44
61; 53
62; 59
61; 59
61; 58
61; 55
61; 53
61; 47
59; 35
61; 25
60; 19
61; 20
61; 26
61; 26
61; 26
61; 28
60; 23
61; 13
61; 30
60; 9
61; 17
61; 12
61; 26
61; 23
59; 20
61; 12
60; 6
60; 6
61; 6
61; 6
60; 6
60; 6
59; 25
62; 51
61; 68
61; 80
61; 91
61; 94
60; 79
61; 88
60; 71
61; 64
61; 54
60; 41
60; 31
61; 30
61; 36
61; 39
60; 38
61; 40
61; 38
61; 43
60; 46
61; 46
60; 43
59; 39
61; 37
60; 34
60; 29
60; 29
61; 34
60; 27
60; 34
60; 34
61; 39
61; 55
61; 69
60; 86
61; 87
60; 82
59; 82
61; 80
61; 74
60; 61
60; 50
60; 39
61; 35
59; 38
60; 47
61; 41
60; 34
60; 51
60; 51
60; 51
61; 47
60; 41
59; 36
61; 28
60; 19
60; 20
60; 22
61; 26
60; 25
59; 24
60; 24
61; 28
60; 42
60; 55
60; 66
61; 73
60; 77
61; 72
59; 77
60; 57
60; 44
60; 37
60; 33
60; 22
60; 28
60; 23
60; 23
60; 22
60; 23
60; 22
60; 17
60; 14
60; 15
60; 17
60; 19
60; 17
60; 14
60; 9
59; 6
59; 6
59; 6
59; 6
59; 6
60; 20
60; 6
59; 6
59; 35
60; 48
60; 57
60; 54
60; 52
60; 47
60; 41
59; 33
59; 28
59; 25
59; 24
60; 27
60; 26
59; 24
59; 22
59; 27
60; 24
59; 16
59; 21
59; 15
59; 13
59; 14
59; 12
59; 11
59; 11
59; 14
58; 15
60; 15
59; 14
59; 13
60; 22
59; 35
60; 43
59; 46
59; 48
60; 51
59; 54
59; 48
59; 42
59; 38
60; 33
58; 28
58; 10
59; 19
58; 6
59; 20
59; 11
59; 22
59; 19
59; 11
57; 14
58; 11
59; 10
58; 6
59; 6
59; 6
59; 6
58; 6
58; 6
59; 6
57; 6
59; 6
58; 18
58; 6
59; 6
59; 32
59; 42
59; 45
59; 45
59; 46
58; 43
59; 37
58; 27
58; 19
59; 16
58; 14
58; 12
58; 13
59; 17
58; 14
57; 26
59; 34
59; 36
58; 36
58; 36
58; 36
59; 36
58; 26
58; 10
57; 15
57; 13
58; 15
58; 14
58; 15
58; 27
58; 19
57; 40
59; 47
58; 56
58; 62
58; 64
58; 64
59; 61
57; 51
58; 46
59; 43
58; 38
58; 31
58; 28
58; 30
58; 35
57; 39
58; 42
59; 44
58; 47
58; 48
58; 49
58; 45
58; 40
56; 34
59; 31
57; 29
58; 19
58; 22
58; 16
58; 18
57; 29
57; 41
59; 53
58; 62
58; 69
58; 77
58; 79
58; 74
57; 69
58; 60
58; 45
58; 53
58; 36
58; 39
58; 37
58; 38
56; 40
58; 38
57; 35
58; 38
58; 41
58; 43
58; 37
58; 41
58; 27
56; 29
57; 21
58; 18
58; 17
58; 18
58; 18
56; 18
56; 27
58; 51
58; 37
58; 67
58; 63
58; 64
58; 61
57; 59
58; 43
56; 52
57; 35
57; 31
57; 32
58; 33
58; 30
57; 28
57; 28
57; 30
57; 31
57; 26
57; 23
57; 21
58; 23
56; 23
58; 20
57; 14
57; 8
57; 11
57; 10
57; 6
57; 6
58; 13
57; 6
57; 23
57; 35
57; 44
57; 51
57; 58
58; 57
57; 57
58; 54
57; 47
57; 43
57; 39
58; 35
57; 29
56; 26
57; 26
57; 26
57; 24
57; 23
57; 23
57; 28
58; 28
55; 27
57; 24
57; 23
57; 26
57; 24
57; 22
57; 19
57; 15
55; 13
57; 8
55; 6
57; 6
56; 6
57; 7
57; 8
57; 10
57; 17
58; 27
57; 44
57; 38
57; 45
57; 47
57; 48
56; 50
57; 51
56; 43
57; 33
57; 30
57; 25
57; 29
56; 24
55; 25
57; 27
56; 30
56; 30
57; 28
57; 31
57; 30
56; 31
56; 29
57; 24
56; 17
56; 14
57; 15
57; 15
56; 10
56; 16
56; 6
57; 6
56; 7
57; 6
57; 6
56; 6
57; 7
56; 9
55; 13
57; 21
56; 32
56; 43
56; 48
56; 45
57; 45
55; 42
55; 43
57; 38
56; 30
56; 26
56; 21
56; 18
57; 20
55; 19
57; 20
56; 20
56; 27
56; 29
56; 30
57; 30
56; 32
55; 34
57; 28
56; 20
56; 11
56; 12
56; 14
55; 9
56; 13
56; 6
56; 6
54; 6
57; 6
55; 6
55; 6
56; 6
56; 9
56; 6
56; 12
56; 23
56; 34
56; 46
56; 58
56; 61
55; 59
56; 56
55; 52
56; 43
56; 35
56; 30
56; 25
55; 27
55; 28
56; 27
56; 24
56; 29
56; 30
56; 34
56; 35
54; 35
56; 35
56; 34
56; 31
55; 20
55; 17
56; 14
56; 16
54; 17
56; 15
55; 14
55; 17
55; 21
55; 21
56; 23
55; 26
55; 37
55; 61
56; 52
56; 60
55; 60
55; 60
56; 58
56; 50
54; 44
56; 33
55; 28
55; 26
55; 25
55; 22
56; 23
55; 31
54; 37
56; 39
55; 38
55; 41
55; 43
55; 42
56; 40
54; 31
55; 25
56; 19
55; 18
55; 16
55; 11
56; 9
53; 16
55; 9
56; 21
55; 41
55; 30
55; 51
55; 60
55; 61
55; 59
54; 51
56; 47
55; 47
55; 43
55; 36
55; 30
54; 29
55; 27
54; 31
56; 30
55; 31
55; 34
55; 35
55; 30
55; 27
54; 25
55; 25
55; 25
55; 20
55; 13
55; 10
55; 10
55; 11
53; 11
54; 10
55; 11
55; 18
55; 31
55; 42
55; 50
55; 56
53; 61
56; 63
54; 59
55; 50
54; 43
55; 32
55; 28
54; 25
53; 22
55; 23
55; 26
55; 30
55; 28
55; 26
55; 24
53; 27
55; 31
55; 30
54; 30
54; 29
55; 29
55; 28
55; 24
53; 16
55; 10
54; 10
55; 14
54; 21
54; 29
55; 35
55; 43
53; 49
55; 52
54; 51
55; 53
54; 45
54; 48
55; 40
54; 29
53; 21
55; 18
54; 22
54; 22
55; 22
54; 22
54; 19
54; 25
54; 24
54; 24
54; 24
54; 25
54; 25
54; 21
55; 16
54; 10
54; 6
53; 6
52; 6
55; 6
54; 6
54; 6
54; 19
53; 32
55; 40
53; 43
54; 47
54; 49
54; 48
55; 46
53; 44
53; 38
55; 35
54; 29
54; 24
54; 21
54; 23
54; 26
53; 31
53; 31
55; 28
54; 29
53; 32
54; 31
54; 28
54; 25
53; 22
55; 22
53; 18
53; 11
54; 6
54; 6
54; 6
54; 6
53; 6
54; 6
52; 6
53; 10
53; 25
54; 35
54; 43
53; 51
53; 53
54; 48
53; 51
53; 39
53; 35
54; 30
54; 27
53; 20
54; 15
53; 15
54; 18
53; 19
53; 20
53; 21
53; 22
52; 25
54; 22
53; 24
53; 21
53; 19
53; 18
53; 15
52; 14
53; 14
53; 14
53; 16
53; 17
53; 13
53; 10
53; 10
53; 12
54; 13
52; 13
53; 18
53; 28
53; 39
53; 42
53; 45
53; 45
52; 46
54; 47
53; 42
54; 36
53; 34
53; 30
53; 25
52; 24
53; 22
53; 23
53; 26
53; 27
53; 27
53; 27
53; 26
51; 26
53; 27
53; 21
53; 17
53; 14
53; 16
53; 15
51; 9
53; 14
52; 7
52; 9
53; 9
53; 11
53; 12
53; 15
52; 24
52; 35
54; 40
53; 43
53; 42
53; 43
53; 34
53; 38
51; 23
52; 14
53; 11
53; 12
52; 10
52; 10
53; 19
51; 28
53; 12
53; 28
52; 29
52; 32
53; 34
52; 38
53; 32
52; 28
51; 25
52; 25
52; 24
52; 18
52; 14
52; 14
53; 13
52; 12
52; 11
53; 10
52; 12
52; 20
52; 32
53; 42
52; 49
51; 54
52; 53
52; 46
53; 56
52; 28
52; 36
52; 28
52; 26
53; 25
52; 24
53; 25
52; 30
52; 37
52; 37
52; 37
52; 38
51; 38
52; 37
52; 32
52; 27
52; 26
52; 24
52; 23
52; 19
50; 17
53; 17
52; 17
52; 22
52; 22
52; 26
52; 44
51; 52
52; 33
52; 53
52; 57
51; 56
52; 49
52; 42
52; 35
51; 31
52; 29
52; 28
53; 25
52; 28
51; 30
52; 32
52; 37
52; 35
51; 39
51; 33
52; 30
52; 31
52; 28
52; 23
51; 16
51; 10
52; 10
51; 14
51; 16
51; 17
52; 21
52; 32
51; 51
52; 43
53; 54
52; 55
52; 44
52; 55
51; 52
52; 35
50; 28
52; 26
51; 23
51; 21
51; 20
51; 21
52; 24
52; 28
50; 28
52; 25
51; 25
51; 23
51; 23
51; 18
52; 16
51; 13
52; 12
52; 11
51; 10
51; 7
51; 6
51; 6
51; 11
50; 20
52; 30
51; 47
51; 38
51; 51
51; 49
51; 45
51; 36
51; 39
51; 35
51; 31
51; 24
51; 21
51; 22
51; 23
51; 20
51; 19
51; 18
51; 23
51; 29
51; 30
51; 26
51; 26
51; 23
51; 26
51; 19
51; 13
51; 10
51; 10
51; 13
50; 13
51; 12
51; 15
51; 25
51; 35
51; 40
51; 45
51; 46
51; 49
51; 48
51; 44
51; 32
50; 35
51; 30
51; 31
51; 30
51; 30
50; 30
51; 35
51; 40
51; 40
50; 33
50; 31
51; 34
51; 40
49; 44
51; 40
50; 34
50; 32
50; 30
50; 22
51; 15
50; 11
51; 9
50; 8
50; 8
50; 10
50; 17
50; 27
51; 34
49; 40
50; 44
50; 46
50; 49
50; 44
50; 36
51; 29
50; 25
49; 18
51; 15
50; 14
50; 13
50; 15
50; 19
51; 22
50; 21
49; 20
51; 19
50; 19
50; 19
50; 16
50; 15
51; 15
50; 16
50; 13
50; 11
50; 8
50; 8
50; 10
50; 12
50; 13
49; 23
50; 15
50; 30
50; 37
50; 40
50; 42
50; 45
51; 44
49; 42
50; 35
51; 30
50; 24
50; 26
50; 23
50; 20
50; 21
49; 21
50; 25
49; 28
50; 28
50; 25
50; 27
50; 29
49; 30
49; 24
50; 18
49; 16
50; 15
50; 14
50; 13
50; 9
49; 6
48; 9
50; 15
49; 20
49; 29
50; 35
49; 42
50; 48
48; 47
50; 44
50; 38
50; 41
49; 33
49; 26
49; 19
50; 18
48; 18
50; 16
49; 16
49; 19
49; 21
49; 27
48; 30
50; 33
50; 30
49; 31
49; 30
49; 27
49; 24
49; 18
49; 13
48; 12
49; 13
50; 14
49; 18
49; 14
49; 14
49; 22
49; 28
48; 35
50; 43
49; 53
49; 62
49; 61
49; 57
49; 50
49; 43
48; 38
49; 22
49; 18
49; 30
49; 21
49; 28
49; 33
49; 37
49; 44
50; 46
49; 46
49; 44
49; 42
49; 34
49; 35
49; 35
49; 31
48; 27
49; 26
49; 36
49; 31
49; 28
48; 28
49; 25
49; 37
48; 44
49; 47
49; 47
49; 51
49; 56
49; 57
48; 52
49; 44
49; 32
49; 27
49; 24
49; 21
49; 16
49; 17
47; 17
49; 20
48; 23
49; 25
49; 29
49; 28
49; 30
49; 30
48; 27
49; 24
48; 25
49; 25
49; 22
48; 19
48; 22
49; 17
48; 27
49; 30
48; 36
48; 50
49; 43
49; 51
49; 50
47; 51
48; 48
49; 51
48; 41
49; 32
48; 23
49; 20
49; 23
47; 22
49; 22
47; 23
48; 24
48; 30
48; 34
48; 37
47; 34
48; 32
49; 35
48; 36
48; 29
48; 36
48; 24
49; 21
47; 18
48; 13
48; 10
49; 10
48; 8
48; 15
48; 23
48; 31
47; 37
49; 43
48; 44
49; 41
48; 38
48; 35
49; 29
48; 26
47; 19
49; 16
48; 15
48; 17
48; 19
48; 22
48; 24
48; 28
47; 30
48; 33
48; 32
48; 32
48; 30
48; 26
49; 28
48; 24
46; 15
49; 10
48; 6
48; 8
47; 6
48; 6
48; 6
47; 17
47; 27
49; 35
48; 43
49; 49
48; 54
48; 53
48; 52
48; 42
48; 35
48; 32
48; 28
47; 22
48; 19
47; 17
48; 19
48; 22
48; 22
48; 25
48; 27
47; 31
48; 34
48; 34
47; 29
48; 25
48; 22
47; 21
47; 18
47; 13
47; 11
47; 8
48; 11
47; 6
47; 6
48; 6
47; 12
47; 22
48; 27
48; 31
46; 36
47; 41
47; 41
47; 37
48; 34
47; 31
48; 28
47; 26
46; 21
48; 16
47; 17
47; 21
47; 26
47; 26
48; 27
46; 29
47; 32
48; 30
47; 21
47; 15
47; 11
47; 11
47; 11
47; 6
47; 6
46; 6
47; 6
48; 6
47; 11
47; 16
47; 21
46; 28
48; 33
46; 33
47; 34
47; 38
47; 42
47; 43
47; 34
45; 27
47; 20
46; 17
47; 14
47; 12
47; 12
47; 14
47; 17
47; 20
47; 19
46; 19
47; 22
47; 24
46; 20
47; 24
46; 13
46; 12
48; 13
46; 13
47; 10
47; 6
46; 6
46; 6
45; 11
47; 17
45; 22
47; 28
47; 37
47; 46
47; 45
47; 47
45; 42
47; 39
46; 36
46; 28
46; 20
46; 13
46; 11
46; 16
45; 21
47; 25
47; 28
46; 26
46; 34
46; 41
47; 41
46; 42
46; 39
47; 37
46; 31
47; 24
46; 21
46; 21
45; 19
46; 22
46; 16
46; 21
46; 27
46; 38
46; 49
47; 55
47; 57
47; 60
47; 61
46; 53
46; 42
46; 33
46; 27
47; 24
45; 19
45; 21
47; 23
46; 24
46; 26
46; 29
46; 30
47; 33
45; 39
46; 42
46; 42
46; 34
46; 29
46; 27
46; 22
46; 28
44; 16
46; 17
45; 19
46; 25
46; 35
46; 41
46; 49
46; 59
45; 66
46; 64
47; 62
46; 60
46; 60
46; 58
46; 48
46; 40
45; 38
46; 40
46; 41
46; 40
46; 40
46; 40
46; 41
45; 38
46; 41
45; 33
46; 31
46; 33
46; 29
45; 32
46; 25
45; 22
45; 15
45; 14
45; 13
46; 15
46; 38
46; 24
46; 51
44; 60
46; 66
46; 67
46; 66
46; 60
46; 52
45; 45
46; 37
44; 34
46; 30
44; 27
45; 25
45; 24
45; 24
46; 30
45; 32
44; 30
45; 31
45; 31
45; 34
45; 33
46; 30
45; 31
45; 36
46; 38
46; 37
46; 37
45; 40
45; 50
46; 52
44; 53
45; 54
46; 51
45; 52
45; 48
45; 39
45; 28
45; 18
46; 19
44; 22
46; 23
45; 24
46; 24
45; 29
46; 39
46; 44
45; 45
45; 45
46; 44
45; 46
45; 43
45; 39
46; 32
46; 28
44; 24
46; 19
45; 15
45; 13
45; 24
45; 27
45; 18
46; 32
46; 31
44; 35
45; 31
46; 36
45; 27
46; 22
45; 16
46; 15
45; 14
45; 11
46; 13
45; 17
45; 23
45; 27
45; 27
45; 28
45; 29
46; 34
45; 39
45; 36
45; 33
45; 32
45; 31
45; 27
45; 22
46; 20
45; 21
45; 28
45; 33
45; 34
45; 30
44; 29
46; 29
44; 28
45; 25
45; 23
45; 23
45; 25
45; 23
43; 21
44; 21
45; 24
45; 32
45; 32
45; 35
45; 32
45; 33
45; 27
43; 32
44; 23
45; 20
45; 21
45; 21
45; 16
44; 7
45; 6
45; 6
45; 14
45; 28
45; 24
44; 27
45; 33
43; 36
45; 35
45; 30
45; 25
45; 21
45; 16
44; 18
43; 13
44; 13
45; 22
44; 24
45; 17
45; 23
45; 22
45; 28
44; 30
44; 29
45; 28
45; 26
44; 25
44; 25
44; 23
44; 21
43; 20
44; 27
44; 23
45; 28
45; 29
44; 33
44; 37
45; 41
44; 41
43; 39
45; 30
44; 17
45; 23
44; 6
44; 8
43; 6
44; 6
44; 15
43; 21
45; 28
44; 38
44; 44
44; 31
44; 41
43; 42
45; 42
45; 42
45; 43
44; 39
44; 36
45; 30
44; 30
43; 29
45; 28
44; 29
44; 32
44; 38
45; 44
44; 39
44; 45
44; 36
44; 34
45; 35
43; 29
44; 16
44; 22
44; 18
44; 21
44; 26
44; 26
44; 26
43; 27
44; 28
44; 26
44; 26
44; 23
44; 20
44; 22
44; 16
42; 10
44; 9
44; 8
44; 12
45; 23
44; 17
44; 30
44; 38
44; 47
44; 53
45; 52
43; 51
44; 51
44; 46
44; 35
44; 26
44; 18
44; 16
44; 17
42; 17
44; 16
44; 17
44; 20
44; 22
44; 24
44; 25
44; 25
42; 25
44; 28
43; 26
44; 23
44; 20
43; 18
44; 18
42; 17
44; 16
44; 30
44; 39
43; 24
44; 41
43; 38
44; 34
44; 37
44; 30
44; 36
43; 27
43; 22
44; 19
44; 22
44; 23
43; 23
44; 22
43; 26
43; 27
44; 26
43; 23
44; 25
43; 35
44; 31
44; 35
43; 30
43; 25
43; 22
43; 20
43; 14
43; 13
43; 12
43; 16
44; 25
43; 32
43; 32
43; 34
44; 36
43; 38
43; 40
43; 36
43; 29
43; 21
43; 21
43; 21
43; 22
43; 25
43; 29
43; 25
43; 31
43; 29
43; 26
43; 27
43; 24
43; 26
43; 24
43; 23
43; 16
43; 13
43; 9
43; 6
42; 6
42; 6
43; 6
43; 6
43; 10
43; 17
43; 23
42; 28
42; 31
43; 28
43; 26
43; 28
44; 32
44; 30
42; 26
43; 22
43; 18
43; 17
43; 19
43; 14
43; 16
43; 22
41; 27
43; 34
43; 33
43; 35
43; 37
43; 38
43; 38
42; 34
42; 27
43; 18
44; 23
43; 11
42; 6
42; 6
42; 6
43; 13
43; 19
43; 26
43; 33
43; 36
42; 43
43; 45
43; 47
42; 43
43; 40
42; 34
43; 34
43; 25
42; 13
42; 17
42; 15
42; 15
43; 17
42; 19
43; 20
42; 29
42; 25
43; 29
42; 26
43; 26
42; 24
41; 21
42; 15
42; 6
42; 7
41; 6
42; 11
43; 8
42; 6
42; 6
41; 10
42; 14
42; 16
42; 19
42; 27
43; 36
41; 40
41; 35
43; 25
42; 20
42; 19
42; 18
42; 12
42; 11
41; 13
43; 20
43; 25
42; 26
42; 29
42; 32
42; 36
42; 43
42; 42
43; 39
42; 31
41; 35
42; 29
42; 23
42; 27
41; 28
42; 28
43; 28
41; 30
42; 34
42; 39
42; 45
41; 45
42; 45
42; 46
42; 47
43; 49
42; 45
42; 38
42; 35
42; 29
40; 27
42; 22
41; 22
42; 24
42; 25
42; 38
42; 32
41; 42
41; 45
43; 49
41; 52
42; 49
42; 45
42; 42
42; 41
42; 41
40; 37
42; 27
41; 21
42; 24
42; 34
42; 44
42; 46
42; 47
40; 51
43; 57
41; 58
42; 56
42; 52
42; 43
41; 45
41; 39
41; 31
43; 24
42; 21
42; 25
42; 27
42; 26
42; 28
41; 30
42; 33
42; 36
42; 33
41; 34
42; 30
41; 31
42; 28
40; 22
42; 16
41; 15
41; 17
42; 25
41; 32
42; 35
41; 44
41; 52
42; 57
41; 53
41; 50
41; 43
41; 40
42; 32
41; 23
42; 21
41; 27
41; 21
41; 24
41; 24
42; 23
41; 24
41; 28
40; 25
42; 26
42; 32
41; 33
41; 34
42; 32
41; 30
40; 27
42; 26
41; 26
41; 24
41; 23
41; 23
42; 25
41; 39
40; 34
42; 42
41; 45
41; 46
41; 45
41; 38
40; 31
41; 44
41; 27
41; 25
41; 25
41; 20
41; 22
41; 23
42; 24
40; 27
42; 28
41; 32
41; 31
41; 33
41; 26
41; 21
41; 32
40; 16
41; 12
41; 9
40; 6
39; 6
41; 6
41; 6
41; 18
39; 23
41; 30
41; 25
41; 35
40; 41
41; 40
42; 37
41; 36
39; 28
42; 26
40; 22
41; 22
41; 19
41; 19
41; 16
40; 15
40; 15
41; 15
41; 18
41; 22
40; 21
41; 18
41; 17
40; 15
41; 15
40; 14
41; 6
41; 10
40; 6
41; 6
40; 6
40; 6
41; 9
40; 23
40; 29
40; 28
41; 28
41; 29
40; 30
39; 29
42; 21
40; 12
41; 7
39; 6
40; 6
40; 6
40; 6
40; 11
41; 6
40; 14
40; 14
40; 12
