14; 30
13; 23
11; 22
11; 23
11; 26
11; 25
11; 24
11; 24
11; 26
11; 28
11; 27
11; 26
11; 25
11; 27
11; 28
11; 27
11; 26
11; 26
11; 27
11; 29
11; 28
11; 26
11; 25
11; 26
11; 28
11; 28
11; 26
11; 26
11; 27
11; 28
11; 27
11; 26
11; 26
11; 27
11; 28
11; 28
11; 26
11; 26
11; 26
11; 28
11; 28
11; 26
11; 26
11; 27
11; 29
11; 27
11; 27
11; 26
11; 26
11; 29
11; 28
11; 26
11; 26
11; 26
11; 28
11; 28
11; 26
11; 26
11; 27
11; 28
11; 28
11; 26
11; 26
11; 26
11; 29
11; 28
11; 27
11; 26
11; 27
11; 28
11; 28
11; 26
11; 26
11; 27
11; 29
11; 28
11; 27
11; 26
11; 27
11; 28
11; 28
11; 27
11; 26
11; 27
11; 29
11; 28
11; 26
11; 26
11; 26
11; 28
11; 28
11; 27
11; 26
11; 27
11; 28
11; 28
11; 27
11; 26
11; 27
11; 29
11; 28
11; 27
11; 25
11; 27
11; 28
11; 28
11; 27
11; 25
11; 26
11; 29
11; 28
11; 27
11; 26
11; 27
11; 28
11; 28
11; 26
11; 26
11; 27
11; 28
11; 28
11; 27
11; 26
11; 27
11; 28
11; 28
11; 27
11; 26
11; 27
11; 29
11; 28
11; 27
11; 26
11; 27
11; 28
11; 28
11; 27
11; 26
11; 26
11; 28
11; 28
11; 27
11; 26
11; 27
11; 28
11; 28
11; 26
11; 26
11; 26
11; 28
11; 28
11; 27
11; 26
11; 27
11; 28
11; 28
11; 26
11; 26
11; 27
11; 28
11; 28
11; 27
11; 26
11; 26
11; 28
11; 28
11; 27
11; 26
11; 26
11; 28
11; 28
11; 27
11; 26
11; 27
11; 28
11; 28
11; 27
11; 26
11; 27
11; 28
11; 28
11; 27
11; 26
11; 26
11; 28
11; 28
11; 26
11; 26
11; 27
11; 28
11; 28
11; 27
11; 26
11; 26
11; 28
11; 28
11; 27
11; 26
11; 26
11; 28
11; 28
11; 27
11; 26
11; 26
11; 28
11; 28
11; 27
11; 26
11; 26
11; 28
11; 28
11; 27
11; 26
11; 27
11; 28
11; 28
11; 27
11; 26
11; 27
11; 28
11; 28
11; 27
11; 26
11; 26
11; 27
11; 28
11; 27
11; 26
11; 26
11; 28
11; 29
11; 27
11; 26
11; 26
11; 28
11; 28
11; 27
11; 26
11; 26
11; 28
11; 28
11; 27
11; 26
11; 26
11; 28
11; 28
11; 27
11; 26
11; 26
11; 28
11; 28
11; 27
11; 26
11; 26
11; 28
11; 28
11; 27
11; 26
11; 26
11; 28
11; 28
11; 27
11; 26
11; 26
11; 28
11; 28
11; 27
11; 26
11; 26
11; 28
11; 29
11; 27
11; 26
11; 28
11; 26
11; 28
11; 27
11; 26
11; 26
11; 27
11; 28
11; 27
11; 26
11; 26
11; 28
11; 29
11; 27
11; 26
11; 26
11; 28
11; 28
11; 27
11; 26
11; 26
11; 28
11; 28
11; 27
11; 26
11; 26
11; 27
11; 29
11; 28
11; 26
11; 25
11; 28
11; 28
11; 27
11; 26
11; 26
11; 28
11; 28
11; 27
11; 26
11; 26
11; 28
11; 28
11; 27
11; 26
11; 25
11; 27
11; 29
11; 27
11; 26
11; 26
11; 27
11; 29
11; 27
11; 26
11; 25
11; 27
11; 29
11; 27
11; 26
11; 26
11; 28
11; 29
11; 27
11; 26
11; 26
11; 27
11; 28
11; 27
11; 26
11; 26
11; 27
11; 29
11; 27
11; 26
11; 26
11; 28
11; 27
11; 28
11; 26
11; 26
11; 27
11; 28
11; 27
11; 26
11; 27
11; 26
11; 28
11; 27
11; 26
11; 25
11; 27
11; 29
11; 28
11; 27
11; 26
11; 28
11; 30
11; 30
11; 28
11; 30
11; 35
11; 35
11; 37
11; 36
11; 40
14; 41
11; 47
11; 51
11; 50
12; 60
11; 55
11; 70
11; 83
11; 82
12; 90
11; 89
11; 115
14; 119
11; 137
11; 117
11; 139
11; 176
16; 158
11; 176
13; 201
11; 201
16; 201
12; 201
11; 201
15; 201
16; 201
11; 201
12; 201
13; 201
17; 201
11; 201
15; 201
16; 201
15; 201
11; 201
16; 201
19; 201
12; 201
11; 201
16; 201
20; 201
16; 201
12; 201
18; 201
13; 201
20; 201
16; 201
22; 201
17; 201
11; 201
19; 201
18; 201
21; 201
19; 201
11; 201
22; 201
16; 201
18; 201
20; 201
25; 201
19; 201
21; 201
21; 201
24; 201
23; 201
15; 201
25; 201
21; 201
26; 201
19; 201
24; 201
15; 201
24; 201
27; 201
19; 201
23; 201
27; 201
29; 201
18; 201
23; 201
27; 201
18; 201
28; 201
29; 201
29; 201
26; 201
27; 201
30; 201
24; 201
16; 201
28; 201
31; 201
29; 201
23; 201
30; 201
21; 201
35; 201
29; 201
32; 201
31; 201
25; 201
31; 201
37; 201
22; 201
32; 201
34; 201
33; 201
28; 201
33; 201
37; 201
23; 201
37; 201
35; 201
30; 201
33; 201
34; 201
38; 201
27; 201
37; 201
39; 201
35; 201
27; 201
35; 201
39; 201
40; 201
38; 201
32; 201
31; 201
37; 201
43; 201
35; 201
39; 201
42; 201
35; 201
39; 201
41; 201
40; 201
34; 201
41; 201
45; 201
33; 201
44; 201
45; 201
33; 201
42; 201
47; 201
43; 201
41; 201
46; 201
41; 201
43; 201
45; 201
44; 201
41; 201
46; 201
48; 201
39; 201
47; 201
41; 201
49; 201
47; 201
49; 201
41; 201
47; 201
52; 201
41; 201
52; 201
51; 201
50; 201
43; 201
52; 201
44; 201
50; 201
54; 201
44; 201
54; 201
51; 201
48; 201
53; 201
53; 201
49; 201
54; 201
48; 201
55; 201
56; 201
51; 172
53; 201
57; 176
52; 162
53; 146
59; 147
55; 94
56; 172
59; 143
48; 102
57; 177
60; 143
50; 185
57; 186
61; 201
54; 177
59; 201
65; 194
49; 187
62; 201
63; 145
52; 199
62; 169
64; 157
54; 162
61; 201
65; 142
55; 176
65; 154
59; 97
61; 180
65; 130
58; 147
62; 174
68; 201
62; 173
63; 201
71; 201
57; 201
69; 201
68; 167
61; 201
68; 186
64; 201
68; 179
71; 201
66; 161
68; 201
74; 192
60; 201
72; 201
67; 201
67; 140
73; 182
63; 192
70; 183
64; 138
74; 166
71; 183
73; 119
68; 176
76; 151
63; 112
75; 166
75; 72
68; 151
76; 121
68; 160
75; 189
78; 196
69; 188
76; 201
76; 201
75; 201
82; 190
81; 201
68; 177
77; 127
77; 201
82; 124
71; 176
79; 155
80; 144
77; 158
73; 125
83; 161
79; 167
82; 105
78; 161
86; 130
73; 107
84; 124
81; 43
80; 137
86; 42
75; 82
84; 70
83; 61
82; 94
86; 88
78; 71
86; 152
86; 136
86; 201
92; 168
78; 175
89; 195
76; 142
89; 201
84; 161
92; 90
88; 86
81; 122
89; 85
86; 68
89; 48
92; 71
83; 61
92; 91
89; 44
90; 124
96; 68
86; 103
96; 88
84; 99
85; 68
95; 146
93; 147
94; 63
90; 163
97; 83
87; 111
95; 90
91; 99
96; 140
98; 148
91; 168
101; 195
89; 182
96; 201
98; 166
103; 156
98; 201
91; 183
103; 167
103; 132
90; 108
94; 41
102; 25
101; 134
95; 99
104; 29
93; 67
102; 40
96; 17
102; 30
104; 18
97; 26
106; 38
95; 6
103; 38
105; 6
101; 40
109; 6
99; 16
110; 6
97; 6
106; 14
95; 6
108; 16
105; 6
106; 54
107; 6
102; 95
112; 42
100; 115
111; 90
100; 82
108; 88
112; 74
107; 81
111; 48
104; 20
113; 20
102; 6
108; 12
113; 6
110; 6
115; 6
105; 12
118; 6
104; 6
114; 32
103; 6
115; 52
111; 6
112; 52
115; 6
108; 36
118; 6
107; 6
118; 6
106; 6
113; 6
118; 6
119; 6
114; 6
111; 6
121; 6
108; 6
117; 45
118; 6
116; 69
116; 113
122; 38
125; 102
110; 105
124; 104
111; 66
122; 108
111; 7
121; 61
122; 6
120; 46
123; 6
117; 10
126; 6
116; 11
126; 6
114; 6
115; 6
123; 6
125; 6
126; 6
122; 6
125; 6
119; 6
128; 6
118; 6
128; 6
119; 6
123; 7
127; 6
126; 6
131; 6
123; 6
133; 6
119; 6
133; 6
120; 6
130; 6
118; 6
132; 46
120; 6
133; 95
131; 6
127; 123
133; 32
126; 126
136; 26
124; 64
124; 21
136; 6
133; 6
123; 6
130; 6
132; 6
132; 6
133; 6
130; 6
135; 6
129; 6
138; 6
127; 6
137; 6
128; 6
134; 19
135; 6
138; 6
132; 8
135; 6
132; 14
141; 6
143; 6
130; 6
142; 6
130; 6
139; 22
129; 6
140; 36
130; 6
138; 6
139; 41
141; 6
136; 28
139; 17
143; 6
136; 35
135; 64
145; 6
143; 201
147; 6
146; 201
145; 201
147; 201
146; 201
144; 201
142; 201
145; 201
143; 140
142; 35
143; 6
142; 6
143; 6
142; 6
143; 6
142; 6
142; 6
142; 6
142; 6
141; 6
142; 6
143; 6
141; 6
142; 6
141; 6
141; 6
141; 6
140; 6
141; 6
141; 6
140; 6
140; 6
140; 6
140; 6
139; 6
139; 6
140; 6
140; 6
140; 6
140; 6
139; 6
140; 6
140; 6
138; 6
138; 6
139; 6
139; 6
139; 6
139; 6
139; 6
138; 6
138; 6
137; 6
138; 6
138; 6
139; 6
138; 6
138; 6
136; 6
138; 6
138; 6
137; 6
137; 6
137; 6
137; 6
137; 6
136; 6
137; 6
136; 6
137; 6
137; 6
137; 6
137; 6
135; 6
135; 6
136; 6
136; 6
135; 6
136; 6
136; 6
136; 6
135; 6
136; 6
136; 6
136; 6
135; 6
136; 6
136; 6
135; 6
134; 6
135; 6
135; 6
136; 6
135; 6
135; 6
135; 6
135; 6
134; 6
136; 6
135; 6
135; 6
135; 6
135; 6
135; 6
134; 6
134; 6
135; 6
135; 6
134; 6
134; 6
134; 6
134; 6
134; 6
133; 6
135; 6
135; 6
134; 6
135; 6
134; 6
135; 6
134; 6
134; 6
135; 6
134; 6
134; 6
133; 6
134; 6
134; 6
133; 6
133; 6
133; 6
134; 6
133; 6
133; 6
134; 6
133; 6
134; 6
133; 6
133; 6
133; 6
133; 6
133; 6
133; 6
133; 6
133; 6
133; 6
133; 6
133; 6
132; 6
132; 6
133; 6
132; 6
132; 6
132; 6
131; 6
133; 6
133; 6
131; 8
133; 6
132; 6
133; 6
132; 6
132; 6
133; 6
132; 6
132; 6
132; 6
131; 6
132; 6
132; 6
132; 6
131; 6
131; 6
131; 6
131; 6
130; 6
132; 6
131; 6
131; 6
131; 6
131; 6
130; 6
131; 6
131; 6
130; 6
131; 6
131; 6
131; 6
131; 6
130; 6
130; 6
131; 6
131; 6
131; 6
130; 6
131; 24
131; 6
132; 29
130; 25
130; 19
130; 12
130; 6
130; 6
130; 6
130; 6
129; 6
129; 6
129; 6
129; 6
130; 6
130; 6
130; 6
130; 6
130; 6
129; 6
130; 6
128; 6
130; 6
130; 6
129; 6
129; 6
128; 6
129; 6
129; 6
129; 6
130; 7
130; 8
129; 8
129; 8
128; 8
129; 8
129; 9
129; 9
129; 9
128; 10
129; 9
129; 26
129; 44
129; 44
129; 49
129; 41
129; 60
129; 65
129; 50
129; 39
128; 37
129; 48
129; 48
129; 34
129; 25
129; 29
128; 35
129; 32
128; 18
128; 12
128; 12
128; 33
128; 30
127; 23
128; 17
128; 23
128; 26
128; 14
128; 6
129; 6
128; 6
128; 6
129; 6
128; 6
128; 6
128; 6
128; 6
128; 6
128; 6
128; 6
128; 6
126; 6
129; 30
127; 51
127; 56
127; 47
127; 39
128; 41
128; 35
127; 14
128; 6
127; 6
127; 6
127; 6
127; 6
127; 6
126; 6
126; 6
128; 6
127; 6
127; 6
127; 6
126; 6
126; 6
126; 8
126; 8
126; 8
126; 9
126; 9
125; 10
125; 10
126; 10
126; 11
126; 11
126; 11
126; 11
126; 12
124; 12
126; 12
126; 13
126; 13
125; 13
126; 14
126; 20
126; 41
126; 34
127; 47
126; 23
125; 16
125; 12
125; 12
125; 12
125; 13
124; 13
125; 13
126; 14
126; 14
126; 13
125; 14
125; 15
125; 14
125; 15
125; 15
125; 15
124; 15
125; 16
125; 16
125; 16
125; 16
124; 16
124; 17
124; 17
124; 17
124; 17
124; 17
124; 17
124; 18
124; 17
124; 18
124; 18
124; 18
124; 18
124; 18
125; 18
124; 30
124; 33
125; 22
124; 18
124; 17
124; 18
124; 18
124; 18
122; 18
124; 18
124; 18
123; 19
123; 19
123; 19
123; 19
123; 19
121; 19
122; 19
123; 20
123; 19
123; 19
123; 19
123; 19
123; 20
122; 20
122; 20
122; 20
123; 20
123; 20
123; 20
123; 20
122; 20
123; 20
122; 20
122; 21
122; 21
122; 21
123; 21
123; 28
123; 38
123; 54
121; 38
122; 73
122; 63
122; 37
123; 31
122; 34
122; 30
121; 14
122; 14
122; 14
122; 15
122; 15
123; 16
123; 16
121; 16
122; 16
122; 16
122; 17
122; 20
122; 24
121; 17
121; 17
122; 17
122; 17
122; 18
121; 18
121; 18
121; 18
121; 18
121; 18
120; 19
121; 19
121; 19
121; 19
121; 19
121; 19
122; 19
121; 20
121; 20
122; 22
121; 35
121; 31
120; 20
120; 19
121; 19
119; 19
120; 20
119; 20
121; 20
120; 20
120; 20
120; 20
120; 20
119; 20
120; 21
120; 21
120; 21
120; 21
120; 21
120; 21
120; 21
118; 21
120; 21
119; 21
120; 21
119; 21
120; 22
120; 22
119; 22
119; 22
120; 22
119; 22
119; 22
119; 22
120; 22
120; 22
120; 22
120; 32
119; 39
119; 35
119; 21
119; 21
120; 21
118; 21
119; 21
120; 21
119; 22
119; 22
119; 22
119; 22
119; 22
119; 22
119; 22
119; 22
119; 22
119; 22
118; 22
118; 22
118; 22
118; 22
118; 22
118; 22
118; 23
118; 22
118; 22
118; 23
118; 22
118; 23
118; 23
118; 23
118; 23
118; 28
118; 36
118; 47
118; 43
118; 23
118; 21
118; 21
118; 21
117; 21
117; 21
118; 22
117; 22
118; 22
117; 22
118; 22
117; 22
117; 22
117; 22
117; 22
117; 22
117; 22
117; 22
117; 23
117; 22
117; 22
117; 23
117; 23
117; 22
117; 23
117; 23
117; 23
117; 23
117; 23
117; 23
116; 23
118; 41
117; 79
117; 93
117; 88
117; 86
116; 108
118; 97
116; 92
117; 61
116; 40
117; 32
117; 31
117; 11
117; 6
117; 6
117; 6
116; 6
116; 8
116; 8
116; 9
116; 10
116; 10
116; 10
116; 11
115; 12
116; 12
116; 13
116; 13
116; 13
115; 14
116; 14
115; 15
116; 14
115; 15
116; 15
116; 16
115; 16
115; 16
115; 17
116; 17
115; 46
117; 85
115; 101
116; 91
116; 80
116; 87
116; 95
115; 90
114; 69
116; 50
115; 53
115; 50
115; 30
116; 6
115; 6
115; 11
113; 6
115; 6
115; 6
116; 6
114; 6
115; 6
115; 6
114; 6
115; 6
114; 6
113; 6
115; 8
114; 8
115; 9
113; 10
115; 9
115; 10
114; 11
115; 12
114; 12
114; 12
115; 12
114; 13
113; 13
115; 14
113; 14
114; 15
114; 15
114; 31
115; 53
114; 72
114; 90
115; 99
115; 90
114; 59
114; 45
115; 74
114; 29
114; 6
114; 6
114; 6
113; 6
113; 6
113; 6
113; 6
114; 8
113; 7
114; 8
113; 9
114; 9
113; 10
113; 11
113; 11
113; 12
112; 12
114; 13
113; 13
113; 13
113; 14
113; 14
114; 14
113; 15
113; 18
111; 15
113; 16
113; 16
113; 16
113; 16
113; 17
112; 17
113; 18
112; 18
113; 29
113; 62
113; 100
113; 121
113; 123
113; 123
113; 127
113; 116
113; 91
113; 63
111; 58
113; 50
111; 11
113; 31
113; 6
112; 6
113; 7
113; 6
112; 6
113; 8
113; 18
111; 13
112; 6
111; 6
112; 6
111; 6
112; 6
112; 6
112; 6
112; 6
112; 6
110; 6
112; 6
111; 7
111; 6
112; 8
111; 9
111; 9
111; 10
112; 10
111; 11
111; 11
111; 12
112; 12
110; 13
112; 41
111; 77
111; 96
112; 94
112; 91
112; 96
112; 88
110; 57
111; 24
110; 6
111; 6
111; 6
111; 6
110; 6
111; 6
111; 6
111; 6
111; 6
109; 6
110; 6
111; 6
111; 8
110; 8
111; 9
111; 9
111; 10
110; 11
111; 11
111; 11
111; 12
109; 12
110; 13
111; 13
111; 14
110; 15
110; 14
111; 15
111; 15
109; 15
111; 19
110; 35
110; 51
111; 77
111; 100
111; 102
110; 90
111; 58
109; 73
110; 43
110; 23
110; 6
110; 6
110; 6
110; 6
110; 6
110; 6
110; 14
110; 10
110; 11
109; 8
110; 9
109; 10
108; 10
110; 11
109; 11
110; 12
109; 12
110; 13
110; 13
108; 14
110; 14
110; 14
110; 15
109; 15
109; 15
109; 16
110; 16
108; 19
109; 30
109; 43
109; 63
109; 80
109; 86
109; 81
109; 66
108; 57
109; 47
108; 36
110; 18
109; 6
109; 6
108; 6
109; 7
107; 8
109; 9
108; 9
108; 10
108; 11
108; 11
108; 12
109; 12
107; 13
108; 13
108; 13
108; 14
108; 14
108; 14
109; 15
107; 15
108; 18
108; 16
108; 16
108; 17
108; 17
108; 20
108; 17
107; 31
109; 68
108; 111
109; 130
108; 130
108; 138
109; 156
108; 163
107; 139
108; 89
108; 106
108; 86
108; 68
108; 35
108; 17
108; 26
108; 39
108; 32
107; 16
108; 10
108; 14
108; 16
107; 6
107; 6
107; 6
106; 6
108; 6
108; 6
108; 6
107; 6
107; 6
107; 6
108; 6
107; 6
106; 6
107; 6
107; 6
107; 6
107; 6
106; 18
107; 30
108; 50
108; 71
108; 91
107; 101
108; 91
108; 76
107; 62
106; 68
107; 52
107; 34
107; 15
107; 6
107; 6
106; 6
107; 6
105; 6
107; 6
107; 6
106; 6
107; 6
107; 6
106; 6
106; 6
106; 6
105; 6
107; 6
105; 6
106; 6
106; 6
106; 6
106; 6
106; 6
105; 6
106; 7
106; 8
106; 9
106; 9
104; 10
106; 30
106; 10
106; 56
106; 78
106; 88
107; 93
106; 91
105; 85
107; 81
106; 67
106; 45
105; 16
106; 6
105; 6
105; 6
105; 6
105; 6
105; 10
104; 6
105; 9
105; 6
105; 6
105; 6
106; 9
105; 6
104; 6
106; 6
105; 7
105; 8
105; 8
104; 9
105; 10
105; 10
105; 11
105; 11
104; 12
105; 12
103; 13
105; 14
104; 14
105; 28
105; 13
105; 59
105; 75
105; 76
105; 88
104; 96
105; 91
105; 72
105; 43
104; 13
104; 6
104; 6
104; 6
104; 6
104; 6
103; 6
104; 6
104; 6
104; 8
103; 9
104; 7
103; 9
105; 10
104; 10
104; 11
104; 12
104; 12
104; 14
103; 17
104; 13
104; 14
104; 14
104; 35
104; 45
103; 48
104; 31
102; 31
104; 40
103; 54
104; 64
104; 83
105; 110
105; 130
104; 137
103; 131
103; 123
103; 111
104; 96
104; 74
104; 53
104; 46
103; 36
102; 19
103; 6
102; 6
103; 11
103; 8
103; 6
103; 6
103; 6
104; 6
103; 6
102; 6
104; 6
103; 6
103; 6
103; 6
103; 6
103; 6
102; 6
102; 6
101; 6
103; 6
103; 6
103; 6
103; 6
103; 6
103; 6
103; 9
103; 29
103; 56
104; 81
103; 84
102; 76
103; 74
103; 80
102; 61
103; 79
103; 24
102; 35
101; 20
102; 14
102; 6
101; 6
103; 6
103; 6
103; 6
102; 6
102; 6
102; 6
102; 6
102; 6
102; 6
101; 6
102; 6
102; 6
102; 6
102; 6
102; 8
102; 8
102; 9
102; 10
101; 9
101; 11
102; 11
102; 19
102; 27
102; 39
102; 78
102; 100
102; 55
102; 97
101; 97
103; 98
102; 85
102; 95
102; 72
102; 59
102; 46
101; 23
101; 8
102; 9
101; 16
101; 13
101; 6
101; 6
102; 6
101; 6
101; 6
101; 6
100; 6
102; 6
100; 6
100; 6
101; 6
101; 6
101; 6
100; 6
100; 6
102; 6
101; 16
101; 27
101; 27
100; 18
101; 11
101; 23
101; 55
101; 77
101; 94
102; 112
100; 142
101; 130
100; 100
101; 81
102; 125
101; 76
101; 79
101; 67
100; 53
101; 36
101; 26
100; 23
99; 27
100; 20
100; 16
100; 18
99; 22
101; 24
100; 20
100; 8
101; 6
100; 6
100; 6
100; 6
100; 6
100; 6
100; 6
99; 6
100; 6
99; 6
100; 6
100; 6
100; 6
100; 6
99; 22
100; 43
100; 70
100; 96
100; 111
100; 110
99; 98
100; 90
100; 90
100; 84
100; 64
100; 25
99; 42
99; 17
98; 16
100; 11
98; 6
100; 6
100; 6
99; 6
99; 6
99; 6
100; 6
99; 6
98; 6
100; 6
99; 6
99; 6
99; 6
99; 6
99; 6
98; 6
100; 6
99; 6
99; 6
98; 6
99; 6
99; 6
99; 17
99; 64
99; 36
99; 93
99; 103
99; 97
98; 90
99; 91
100; 90
99; 78
99; 63
99; 47
99; 28
99; 37
98; 25
98; 23
99; 26
99; 22
98; 10
98; 6
98; 6
98; 6
98; 6
99; 6
98; 6
97; 6
99; 6
98; 6
98; 6
98; 6
98; 6
98; 6
97; 6
98; 6
98; 6
98; 6
98; 6
98; 15
98; 71
99; 116
98; 127
98; 127
98; 130
99; 131
99; 130
97; 111
98; 73
98; 86
98; 70
98; 62
98; 42
98; 26
98; 23
98; 29
98; 32
98; 22
97; 15
98; 27
98; 35
97; 25
97; 6
97; 6
97; 6
97; 6
97; 6
97; 6
97; 6
97; 6
97; 6
97; 6
97; 6
97; 6
97; 6
97; 6
97; 6
97; 6
97; 6
97; 6
97; 12
97; 42
98; 81
97; 103
97; 105
97; 97
97; 103
97; 114
97; 109
97; 90
97; 82
97; 84
97; 55
97; 35
97; 77
97; 38
97; 49
97; 43
96; 22
97; 14
97; 23
97; 25
97; 6
96; 9
96; 6
96; 6
97; 6
96; 6
97; 6
96; 6
96; 6
96; 6
95; 6
95; 6
96; 6
95; 6
96; 6
95; 6
96; 6
96; 6
95; 6
96; 6
95; 6
96; 6
96; 6
96; 45
96; 69
97; 72
96; 69
96; 67
96; 67
96; 56
96; 49
94; 52
96; 63
96; 62
96; 53
96; 42
96; 41
96; 40
96; 38
94; 35
96; 35
95; 39
95; 27
95; 38
95; 12
95; 6
95; 6
95; 6
96; 6
95; 6
94; 6
95; 6
94; 6
95; 6
94; 6
95; 6
95; 6
94; 6
94; 6
95; 6
93; 6
95; 6
94; 6
95; 6
95; 6
93; 6
95; 6
95; 6
95; 15
95; 48
94; 61
94; 65
96; 81
94; 93
94; 84
94; 65
94; 50
95; 48
94; 45
94; 31
93; 14
94; 11
94; 16
94; 24
95; 21
94; 16
93; 20
95; 28
94; 27
94; 11
94; 6
94; 6
94; 6
94; 6
94; 6
94; 6
92; 6
93; 6
92; 6
94; 6
93; 6
93; 6
93; 7
94; 8
94; 9
93; 9
93; 10
93; 10
94; 11
93; 12
93; 12
93; 11
94; 41
94; 73
94; 102
94; 92
92; 91
94; 100
94; 81
93; 77
94; 73
93; 58
94; 39
93; 27
93; 26
91; 29
94; 30
93; 22
93; 21
93; 23
93; 25
93; 17
93; 6
93; 6
93; 6
92; 6
92; 6
92; 6
92; 6
93; 6
92; 6
92; 6
93; 6
92; 6
92; 6
92; 6
93; 8
92; 6
92; 9
93; 10
92; 9
92; 10
93; 22
93; 55
93; 80
93; 95
92; 107
93; 116
93; 115
92; 80
93; 100
92; 69
92; 50
93; 59
91; 41
93; 28
92; 20
92; 15
92; 29
92; 37
92; 33
90; 7
92; 17
93; 10
90; 11
92; 17
91; 6
92; 6
92; 6
92; 6
92; 6
92; 6
90; 6
91; 6
92; 6
91; 6
91; 6
91; 6
91; 6
91; 6
90; 6
92; 6
91; 6
91; 6
92; 8
90; 33
92; 59
91; 74
92; 84
92; 92
91; 87
91; 70
91; 77
90; 65
91; 64
91; 53
91; 34
91; 25
91; 26
92; 26
91; 26
90; 24
91; 36
92; 29
91; 37
91; 27
90; 19
91; 11
91; 6
91; 6
90; 6
89; 6
91; 6
90; 6
90; 6
90; 6
90; 6
90; 6
90; 6
89; 6
90; 6
91; 6
90; 6
90; 6
91; 8
90; 6
90; 44
91; 15
91; 75
90; 95
90; 104
91; 102
89; 96
91; 94
90; 73
90; 87
90; 61
90; 58
91; 60
90; 50
88; 33
90; 27
90; 32
90; 40
90; 32
90; 19
90; 17
90; 26
89; 33
90; 23
88; 6
90; 6
89; 6
90; 6
89; 6
89; 6
90; 6
88; 6
90; 6
90; 6
89; 6
89; 6
89; 6
89; 6
89; 6
88; 6
88; 6
88; 6
90; 42
89; 10
89; 68
90; 90
88; 84
89; 90
90; 91
89; 90
89; 83
89; 64
89; 49
88; 51
90; 54
89; 52
89; 44
89; 39
89; 44
89; 53
89; 53
89; 45
90; 30
89; 20
89; 17
89; 19
89; 12
88; 6
88; 6
89; 6
88; 6
88; 6
88; 6
89; 6
88; 6
88; 6
89; 6
88; 6
87; 6
88; 6
88; 6
89; 39
89; 65
88; 75
87; 76
89; 71
88; 72
89; 78
88; 70
88; 52
89; 38
88; 37
87; 43
89; 44
88; 37
88; 43
89; 53
88; 52
88; 34
87; 37
86; 22
89; 19
88; 27
88; 26
87; 17
88; 6
88; 6
87; 6
88; 6
87; 6
86; 6
88; 6
87; 6
87; 6
87; 6
87; 6
88; 6
87; 6
86; 6
88; 6
87; 23
88; 72
88; 54
86; 86
88; 98
87; 97
87; 88
87; 79
87; 73
88; 76
87; 73
86; 57
88; 45
87; 44
87; 46
87; 42
87; 43
88; 49
87; 57
87; 52
87; 37
88; 40
87; 44
87; 28
87; 42
87; 11
86; 10
87; 17
87; 18
87; 8
87; 6
85; 6
87; 6
87; 6
86; 6
87; 6
85; 6
87; 6
87; 6
86; 6
86; 6
87; 35
86; 69
87; 85
86; 85
87; 84
87; 90
87; 92
87; 80
87; 68
86; 63
87; 60
86; 40
86; 52
86; 40
87; 53
87; 48
85; 54
87; 55
86; 57
87; 61
87; 56
86; 51
86; 47
87; 48
86; 47
85; 39
87; 29
85; 24
86; 34
86; 41
86; 33
87; 22
85; 14
86; 14
85; 10
86; 7
87; 6
86; 6
87; 6
86; 6
86; 6
86; 6
86; 6
85; 6
86; 13
86; 38
86; 59
86; 74
85; 82
87; 84
86; 80
86; 84
86; 83
86; 70
86; 53
86; 53
85; 54
86; 48
86; 36
86; 32
86; 39
86; 43
86; 34
84; 20
86; 14
87; 20
86; 25
85; 19
85; 8
86; 9
86; 14
84; 17
85; 12
84; 6
85; 6
84; 6
85; 6
85; 6
85; 6
85; 6
86; 6
84; 6
85; 6
85; 6
85; 6
85; 6
85; 6
85; 6
84; 6
83; 6
84; 6
86; 47
85; 79
86; 85
85; 88
85; 80
86; 86
85; 89
85; 82
85; 63
85; 50
85; 49
84; 58
85; 55
84; 44
85; 34
85; 35
85; 44
85; 45
84; 33
83; 29
86; 37
84; 38
85; 28
84; 13
84; 6
85; 13
85; 11
84; 6
85; 6
84; 6
83; 6
85; 6
84; 6
84; 6
84; 6
84; 6
84; 6
83; 6
83; 6
84; 6
84; 6
84; 9
84; 40
84; 79
85; 65
85; 80
84; 71
84; 63
84; 63
84; 62
84; 57
84; 41
84; 36
84; 35
84; 37
84; 37
84; 32
84; 31
82; 31
84; 25
84; 26
84; 23
84; 18
83; 6
83; 6
84; 15
82; 12
84; 6
82; 6
83; 6
83; 6
84; 6
84; 6
83; 6
83; 6
83; 6
82; 6
83; 6
83; 6
83; 6
83; 6
83; 6
83; 6
84; 12
83; 67
83; 72
83; 49
83; 78
84; 86
82; 88
83; 80
82; 70
83; 68
83; 67
83; 57
83; 38
83; 26
81; 33
83; 41
82; 41
83; 32
82; 26
82; 37
83; 48
82; 50
81; 46
83; 45
83; 47
82; 31
82; 44
82; 22
83; 25
81; 26
82; 16
83; 6
81; 6
82; 6
83; 6
82; 16
82; 6
82; 6
81; 21
81; 6
83; 17
83; 6
82; 25
82; 47
83; 60
82; 68
83; 112
82; 92
82; 111
82; 97
82; 93
83; 108
83; 120
81; 119
82; 101
83; 92
83; 97
82; 103
82; 98
82; 85
82; 74
82; 78
83; 82
82; 70
82; 54
82; 46
82; 17
83; 36
82; 46
82; 6
82; 6
82; 6
81; 6
81; 6
82; 6
82; 6
82; 6
82; 6
82; 6
80; 6
82; 6
81; 6
81; 6
81; 6
81; 6
82; 6
81; 6
80; 6
83; 6
82; 26
82; 53
82; 73
80; 87
82; 83
81; 68
82; 59
81; 60
82; 34
81; 17
81; 54
80; 18
82; 28
81; 24
81; 9
81; 6
81; 10
82; 20
81; 21
80; 13
81; 6
79; 6
82; 6
80; 6
81; 6
81; 6
80; 6
81; 6
79; 6
80; 6
81; 6
80; 6
81; 6
80; 6
80; 6
80; 6
80; 6
80; 6
80; 6
80; 21
81; 48
81; 63
81; 80
81; 97
80; 92
81; 75
80; 63
81; 62
80; 59
80; 47
80; 30
80; 25
80; 28
80; 25
80; 14
80; 16
80; 20
80; 24
80; 16
80; 6
80; 6
80; 14
80; 6
80; 9
80; 6
79; 6
80; 6
80; 6
80; 6
80; 6
80; 6
79; 6
79; 6
79; 6
79; 6
79; 6
80; 6
80; 28
80; 57
80; 6
79; 77
80; 89
79; 81
80; 97
80; 96
79; 86
79; 68
80; 63
79; 66
78; 59
80; 48
79; 48
79; 58
79; 69
79; 66
80; 55
79; 48
79; 52
79; 53
79; 48
79; 37
79; 23
79; 11
79; 6
79; 6
78; 6
79; 6
78; 6
79; 6
79; 6
78; 6
79; 6
79; 6
78; 6
79; 6
78; 6
79; 6
79; 30
79; 69
79; 56
78; 76
80; 83
79; 83
79; 87
79; 75
79; 78
79; 84
79; 76
78; 58
79; 39
79; 38
79; 48
79; 47
78; 31
79; 23
79; 23
77; 26
79; 26
78; 18
78; 14
78; 16
78; 8
78; 6
78; 6
79; 6
78; 6
77; 6
78; 6
77; 6
78; 6
78; 6
78; 6
78; 6
78; 6
78; 6
79; 6
78; 6
78; 17
79; 47
76; 62
78; 69
78; 88
78; 107
78; 111
78; 106
78; 98
78; 99
77; 110
79; 103
78; 68
78; 69
77; 81
78; 76
79; 71
77; 58
77; 55
78; 87
78; 71
78; 81
78; 59
78; 41
78; 41
77; 46
78; 47
78; 41
78; 21
77; 28
78; 26
78; 33
78; 29
76; 19
78; 12
78; 19
78; 25
77; 21
77; 6
77; 6
77; 6
76; 13
77; 37
78; 29
78; 42
78; 53
77; 65
78; 71
78; 51
77; 60
76; 51
77; 48
78; 44
77; 39
78; 33
78; 33
76; 35
78; 39
78; 39
77; 40
77; 40
77; 42
77; 47
78; 52
76; 42
78; 35
76; 31
77; 34
77; 27
77; 10
77; 6
77; 6
77; 6
77; 6
77; 6
75; 6
77; 6
77; 6
77; 6
77; 6
77; 6
77; 6
75; 6
76; 6
77; 27
77; 48
77; 53
77; 62
78; 71
77; 80
77; 84
76; 58
77; 40
76; 39
77; 42
77; 40
77; 22
75; 30
76; 25
77; 32
76; 35
76; 20
76; 27
77; 20
76; 26
77; 33
76; 22
76; 7
77; 6
77; 12
76; 7
76; 6
77; 6
76; 6
75; 6
77; 6
76; 6
76; 6
76; 6
76; 6
77; 6
75; 6
76; 6
76; 6
76; 6
76; 22
76; 45
75; 54
77; 54
76; 56
76; 64
76; 70
76; 67
76; 52
75; 37
75; 34
76; 41
76; 45
76; 36
76; 28
76; 32
76; 42
75; 40
76; 31
75; 22
76; 22
76; 24
76; 23
75; 14
75; 6
75; 6
76; 6
74; 6
76; 6
75; 6
75; 6
75; 6
75; 6
75; 6
75; 6
75; 6
74; 6
76; 6
75; 13
75; 28
75; 40
74; 48
76; 55
74; 61
75; 54
76; 62
75; 39
76; 28
75; 32
73; 31
75; 20
73; 6
75; 6
75; 11
75; 16
75; 6
75; 8
75; 6
75; 14
75; 20
74; 11
74; 6
74; 6
74; 6
74; 6
75; 6
74; 6
73; 6
75; 6
74; 6
74; 6
74; 6
74; 6
74; 6
74; 8
73; 6
74; 22
74; 34
75; 50
74; 67
75; 75
73; 78
74; 69
74; 64
74; 58
74; 51
74; 45
73; 38
73; 34
75; 33
74; 33
74; 38
73; 45
74; 40
74; 29
73; 20
73; 20
74; 26
74; 26
73; 19
73; 8
74; 6
73; 6
73; 6
74; 6
73; 6
73; 6
73; 9
73; 12
74; 8
73; 6
73; 6
75; 20
73; 39
74; 61
73; 71
73; 73
74; 68
73; 72
73; 78
74; 75
73; 67
73; 56
73; 54
73; 60
72; 55
74; 64
73; 40
73; 43
73; 51
73; 52
73; 43
73; 32
74; 31
73; 39
73; 38
73; 29
73; 21
73; 24
73; 28
73; 24
73; 16
72; 13
73; 16
72; 19
73; 19
73; 18
72; 17
73; 22
73; 38
72; 57
73; 69
73; 82
73; 78
73; 69
73; 64
73; 66
73; 67
73; 60
73; 52
73; 55
73; 53
73; 56
73; 46
73; 39
72; 38
71; 46
74; 57
73; 57
73; 44
72; 36
73; 37
73; 37
72; 23
73; 22
71; 30
72; 27
73; 32
72; 31
73; 29
72; 29
71; 30
73; 28
72; 25
72; 27
72; 26
72; 19
72; 20
73; 23
71; 34
73; 46
72; 53
73; 68
72; 58
73; 80
73; 82
72; 70
71; 56
73; 51
72; 54
73; 59
72; 55
72; 52
73; 53
71; 58
72; 53
73; 45
72; 41
72; 38
72; 42
72; 39
72; 35
71; 36
72; 35
72; 27
72; 16
71; 12
72; 13
72; 17
72; 16
73; 7
70; 8
71; 11
72; 13
72; 14
72; 6
72; 6
71; 6
71; 12
72; 13
71; 11
71; 6
72; 8
72; 12
72; 11
72; 13
70; 22
72; 38
71; 54
72; 67
72; 67
72; 61
72; 58
72; 61
71; 70
72; 71
71; 51
72; 32
72; 29
71; 45
71; 38
71; 41
71; 28
72; 28
72; 33
71; 38
71; 32
71; 23
72; 16
70; 17
72; 21
72; 21
71; 14
72; 6
71; 6
71; 6
71; 6
71; 6
71; 6
70; 6
71; 6
72; 6
71; 6
71; 6
71; 6
71; 6
72; 14
70; 11
71; 6
71; 28
71; 8
72; 46
70; 53
70; 54
72; 58
71; 63
71; 59
71; 47
71; 39
72; 42
69; 44
71; 35
71; 26
71; 30
71; 40
71; 27
71; 42
71; 35
69; 28
72; 33
70; 31
70; 26
70; 20
71; 18
70; 17
70; 17
70; 17
71; 20
70; 14
71; 8
70; 7
70; 9
70; 9
70; 6
70; 6
70; 6
71; 6
69; 6
71; 6
70; 6
70; 6
70; 6
70; 6
71; 6
70; 16
69; 6
70; 34
70; 50
69; 55
70; 49
69; 42
71; 41
69; 45
70; 44
70; 39
70; 28
70; 25
70; 30
69; 37
70; 28
70; 35
70; 27
70; 36
70; 41
70; 38
68; 27
70; 23
70; 29
70; 37
70; 43
70; 42
70; 47
70; 50
70; 63
69; 57
70; 61
70; 59
70; 55
70; 56
70; 55
69; 51
70; 39
70; 31
70; 32
70; 33
70; 30
70; 32
71; 42
69; 62
70; 83
70; 92
70; 88
70; 80
70; 80
70; 86
70; 84
68; 72
70; 62
69; 60
70; 62
70; 63
69; 57
70; 51
69; 53
70; 57
68; 59
69; 46
69; 33
69; 21
69; 24
70; 26
69; 21
70; 9
69; 6
70; 6
68; 6
69; 6
69; 6
69; 6
69; 6
69; 6
68; 6
68; 6
70; 6
69; 6
69; 6
69; 6
69; 6
69; 6
69; 6
69; 15
69; 33
69; 44
69; 48
70; 49
70; 47
69; 44
69; 39
69; 34
69; 27
69; 22
69; 25
69; 26
68; 25
69; 24
68; 24
67; 27
69; 26
69; 25
69; 22
69; 13
67; 11
69; 19
68; 21
68; 13
68; 6
68; 6
68; 6
68; 6
68; 6
68; 6
66; 6
68; 6
68; 6
68; 6
68; 6
68; 6
69; 6
69; 30
68; 40
68; 40
68; 47
68; 60
68; 68
67; 64
68; 51
68; 43
68; 41
68; 36
68; 31
68; 26
68; 20
66; 16
69; 21
67; 32
68; 39
67; 31
68; 26
68; 19
68; 51
67; 60
69; 55
68; 44
68; 46
68; 50
68; 41
68; 22
68; 12
68; 6
68; 10
68; 6
67; 11
67; 8
67; 6
68; 18
67; 50
68; 102
68; 82
68; 103
68; 92
68; 91
68; 101
68; 102
66; 91
68; 74
67; 62
68; 64
68; 62
68; 62
68; 62
66; 66
68; 73
67; 79
68; 77
68; 70
67; 60
68; 59
68; 62
68; 66
68; 57
67; 41
68; 31
68; 33
68; 37
68; 37
67; 24
67; 20
68; 28
68; 38
68; 39
67; 34
67; 25
68; 21
67; 18
68; 35
67; 48
68; 47
68; 47
67; 55
68; 61
68; 58
67; 43
67; 32
68; 41
67; 50
67; 44
67; 26
67; 18
67; 30
67; 44
67; 43
67; 28
67; 17
67; 15
67; 27
67; 22
67; 6
67; 6
68; 6
68; 6
67; 10
67; 7
68; 6
67; 6
67; 6
67; 6
67; 6
67; 6
66; 6
68; 6
67; 8
67; 9
67; 6
67; 6
67; 6
67; 13
67; 24
67; 26
66; 27
67; 30
67; 40
65; 45
66; 23
67; 34
67; 17
66; 19
66; 26
67; 30
66; 29
66; 27
67; 27
66; 32
66; 27
66; 33
67; 22
66; 24
66; 30
66; 29
67; 20
66; 12
67; 12
66; 12
66; 11
66; 12
66; 6
66; 6
67; 6
65; 6
66; 6
66; 6
66; 6
66; 6
66; 6
66; 6
66; 6
64; 6
66; 6
66; 6
66; 18
66; 24
65; 35
66; 44
66; 51
66; 46
66; 40
66; 39
66; 46
67; 47
66; 43
66; 29
65; 22
66; 24
66; 34
66; 35
66; 26
66; 20
67; 30
66; 20
65; 36
66; 26
65; 12
66; 6
66; 8
65; 16
65; 23
66; 21
66; 28
65; 36
65; 21
66; 37
66; 40
64; 39
66; 35
65; 36
66; 35
65; 31
66; 34
66; 27
64; 29
66; 26
66; 37
65; 41
65; 43
65; 43
66; 49
65; 55
65; 51
64; 40
66; 32
65; 27
65; 33
65; 35
65; 25
66; 16
65; 16
64; 27
65; 37
65; 36
65; 30
65; 21
65; 21
66; 24
64; 26
65; 13
65; 22
65; 13
65; 19
65; 20
65; 12
65; 6
64; 6
65; 8
64; 19
65; 19
64; 13
65; 11
65; 18
64; 7
64; 21
65; 24
64; 29
65; 37
65; 47
65; 50
65; 49
65; 40
64; 30
65; 27
64; 31
65; 33
65; 29
64; 22
65; 26
65; 18
63; 30
64; 22
64; 9
64; 6
63; 6
65; 6
64; 6
64; 6
64; 6
65; 6
63; 6
64; 7
65; 7
64; 9
65; 14
64; 18
65; 16
65; 8
64; 6
64; 6
63; 6
64; 6
64; 8
65; 9
64; 9
64; 7
64; 18
64; 39
64; 53
64; 52
64; 40
62; 37
64; 48
64; 60
64; 56
64; 45
64; 40
64; 46
64; 50
63; 46
63; 39
63; 36
63; 36
64; 33
64; 30
64; 33
63; 30
64; 24
63; 16
64; 22
63; 27
64; 20
63; 12
62; 27
64; 16
64; 32
62; 19
63; 6
63; 6
63; 16
63; 18
63; 8
63; 6
62; 17
64; 9
63; 13
63; 18
64; 20
63; 11
63; 34
62; 45
63; 53
63; 60
63; 67
63; 70
63; 66
64; 68
63; 74
64; 75
64; 65
63; 49
63; 51
63; 56
63; 55
63; 46
63; 32
63; 33
64; 38
63; 41
63; 32
63; 46
63; 28
63; 31
62; 32
62; 28
63; 19
63; 17
63; 20
63; 25
63; 22
62; 21
63; 16
63; 12
63; 12
63; 12
62; 6
62; 6
62; 6
63; 6
61; 11
63; 10
62; 6
63; 6
63; 6
63; 13
63; 20
62; 23
61; 30
63; 40
63; 48
62; 46
62; 42
62; 41
63; 48
61; 45
63; 38
63; 29
62; 25
62; 23
62; 22
62; 24
63; 34
63; 42
63; 43
62; 36
62; 34
62; 38
62; 43
63; 23
62; 37
62; 12
63; 15
62; 24
62; 27
62; 19
62; 12
62; 14
62; 16
62; 12
62; 6
61; 6
62; 6
62; 12
62; 9
62; 6
62; 6
62; 6
63; 12
61; 11
62; 6
62; 13
62; 28
61; 6
61; 40
62; 49
62; 56
62; 61
62; 57
62; 58
62; 56
61; 51
60; 41
62; 37
61; 40
62; 42
61; 39
61; 37
61; 40
62; 48
61; 54
62; 49
62; 37
62; 32
62; 37
62; 41
62; 40
62; 33
60; 25
62; 25
62; 26
62; 25
61; 23
61; 18
62; 16
61; 13
60; 15
62; 13
61; 6
61; 9
61; 6
61; 8
61; 6
61; 6
61; 6
61; 6
60; 6
60; 8
61; 24
61; 21
61; 27
61; 23
61; 38
61; 45
61; 37
61; 33
61; 37
61; 43
61; 45
59; 30
60; 18
61; 22
61; 33
61; 43
60; 38
61; 25
61; 18
59; 21
61; 27
60; 27
59; 8
60; 9
61; 15
61; 16
61; 23
59; 17
61; 6
61; 7
60; 15
60; 29
61; 24
60; 10
60; 6
61; 13
61; 6
60; 20
60; 18
60; 20
61; 33
61; 58
59; 65
61; 50
60; 34
61; 33
60; 45
60; 45
60; 31
60; 18
59; 19
61; 33
60; 39
61; 34
60; 25
60; 22
60; 27
60; 29
59; 22
61; 19
60; 17
60; 22
60; 26
60; 25
60; 19
60; 13
58; 14
60; 16
60; 22
61; 25
60; 20
60; 18
60; 19
59; 25
58; 33
61; 35
60; 36
60; 39
58; 51
60; 62
60; 67
60; 57
60; 42
60; 37
60; 46
60; 48
59; 45
58; 35
60; 35
60; 40
60; 33
59; 45
60; 39
59; 30
59; 29
60; 33
60; 38
59; 39
60; 30
59; 22
59; 28
59; 36
59; 34
60; 27
59; 20
58; 25
60; 33
59; 36
59; 37
59; 30
59; 24
59; 44
60; 30
60; 58
60; 64
59; 63
60; 68
59; 77
59; 79
58; 59
60; 71
60; 57
59; 52
60; 46
59; 45
59; 46
59; 46
59; 42
58; 37
59; 33
59; 33
59; 33
59; 30
59; 22
60; 20
58; 21
58; 20
58; 22
59; 14
59; 16
59; 19
58; 21
59; 13
59; 6
59; 7
60; 15
58; 8
59; 18
59; 6
59; 6
59; 11
57; 24
59; 34
59; 37
59; 39
59; 48
59; 55
59; 56
59; 53
58; 49
57; 50
59; 48
59; 52
59; 45
58; 43
58; 38
59; 36
59; 46
58; 49
57; 38
58; 44
58; 36
58; 43
59; 54
59; 57
57; 42
59; 24
60; 24
59; 39
59; 39
58; 46
59; 34
58; 37
58; 43
59; 38
59; 27
59; 23
59; 27
58; 35
58; 27
58; 18
57; 13
59; 17
59; 19
58; 21
58; 22
58; 27
58; 36
57; 45
58; 45
59; 42
58; 43
57; 44
58; 39
58; 33
59; 34
57; 34
59; 32
59; 27
58; 29
58; 37
58; 42
58; 42
58; 33
57; 32
59; 38
58; 43
58; 33
58; 34
58; 28
58; 38
58; 31
58; 13
58; 9
57; 6
58; 21
58; 20
58; 11
58; 10
59; 25
58; 37
58; 34
58; 19
58; 11
58; 14
58; 19
58; 12
57; 6
58; 6
57; 6
56; 6
58; 11
58; 20
58; 24
57; 29
59; 42
57; 36
57; 38
57; 32
58; 30
58; 37
58; 47
58; 47
57; 38
57; 30
58; 47
56; 50
57; 44
58; 35
57; 33
58; 32
57; 38
58; 38
57; 14
57; 30
57; 6
58; 11
58; 17
57; 9
57; 16
58; 6
57; 14
57; 20
58; 18
57; 8
57; 6
57; 6
57; 6
57; 6
56; 6
57; 6
57; 6
57; 6
56; 12
56; 14
57; 6
56; 6
57; 27
57; 6
58; 46
58; 57
57; 55
56; 53
57; 60
57; 71
57; 82
57; 59
57; 63
57; 80
58; 54
56; 66
57; 59
57; 43
57; 48
57; 68
58; 82
58; 77
57; 68
57; 64
57; 72
57; 79
57; 73
57; 56
57; 44
57; 34
56; 34
57; 29
56; 6
57; 15
57; 6
57; 6
56; 11
55; 9
57; 19
57; 6
57; 6
57; 18
57; 29
57; 21
56; 6
56; 22
57; 6
58; 40
57; 39
57; 28
57; 27
57; 38
57; 46
55; 39
57; 26
56; 19
57; 18
56; 22
56; 25
56; 20
56; 10
56; 13
56; 27
56; 40
56; 39
56; 27
56; 17
56; 19
56; 24
56; 25
56; 14
56; 6
56; 6
56; 6
56; 6
56; 6
56; 6
56; 6
56; 6
56; 6
56; 6
56; 6
56; 6
56; 6
56; 6
56; 6
56; 6
56; 6
56; 6
56; 6
56; 20
56; 31
56; 28
56; 20
56; 23
56; 36
56; 46
56; 39
56; 22
56; 14
56; 16
55; 18
56; 20
56; 12
56; 10
56; 20
56; 26
55; 25
55; 19
55; 11
56; 6
55; 6
56; 9
56; 8
55; 6
55; 6
54; 6
55; 6
56; 6
55; 6
55; 6
55; 6
55; 6
56; 6
55; 13
55; 6
55; 9
55; 6
55; 6
55; 19
54; 27
56; 28
56; 31
56; 44
56; 54
55; 57
55; 40
54; 26
55; 27
55; 32
55; 23
55; 33
54; 12
55; 11
54; 22
54; 38
55; 45
54; 27
54; 38
54; 24
55; 32
54; 43
54; 37
55; 22
55; 13
54; 19
55; 24
54; 28
54; 14
54; 10
54; 19
55; 26
55; 26
54; 19
55; 11
54; 16
55; 23
54; 35
54; 45
54; 49
54; 59
53; 69
55; 78
54; 75
54; 65
54; 53
54; 54
55; 55
53; 48
53; 37
54; 39
55; 33
54; 45
54; 44
54; 47
55; 40
53; 43
54; 49
53; 48
54; 44
54; 40
54; 37
54; 37
55; 40
52; 36
55; 33
53; 27
54; 23
54; 25
53; 29
54; 29
53; 21
53; 15
54; 18
54; 27
54; 35
54; 37
53; 50
54; 39
54; 45
53; 49
52; 40
54; 32
54; 38
54; 45
54; 52
53; 49
53; 39
53; 36
53; 39
54; 43
54; 43
54; 31
54; 35
53; 34
52; 43
53; 36
54; 45
54; 24
53; 19
53; 32
54; 43
53; 34
52; 22
54; 15
53; 19
54; 26
53; 21
53; 20
54; 20
53; 22
54; 44
53; 30
54; 54
54; 53
53; 56
53; 58
53; 64
53; 64
52; 57
54; 55
53; 56
53; 46
53; 38
54; 56
53; 39
53; 63
52; 59
54; 48
54; 57
53; 59
53; 49
53; 53
54; 45
53; 43
53; 46
52; 43
53; 37
53; 32
53; 38
54; 52
54; 57
54; 46
53; 31
53; 27
53; 32
53; 34
53; 27
53; 12
53; 6
52; 8
53; 29
54; 22
53; 27
53; 23
53; 26
53; 32
53; 32
51; 28
54; 24
53; 27
53; 31
53; 32
53; 28
53; 24
52; 23
53; 31
54; 32
53; 34
53; 30
53; 14
53; 20
53; 22
52; 27
53; 26
53; 16
51; 6
53; 6
53; 6
51; 6
52; 6
52; 6
53; 6
53; 6
53; 10
53; 17
52; 18
53; 22
52; 27
51; 32
52; 28
53; 33
53; 25
53; 33
52; 46
53; 55
52; 51
51; 45
52; 36
53; 37
52; 34
52; 28
52; 18
52; 15
51; 21
53; 27
52; 31
52; 25
52; 18
52; 17
52; 24
53; 28
52; 28
52; 18
53; 16
52; 21
52; 20
52; 8
52; 6
52; 6
52; 6
52; 6
51; 6
52; 6
51; 6
52; 6
52; 6
52; 6
52; 6
53; 6
51; 6
52; 18
52; 6
52; 29
52; 29
52; 27
51; 30
53; 47
52; 60
52; 60
52; 50
52; 39
52; 38
51; 43
51; 39
52; 21
52; 29
52; 26
52; 39
52; 42
52; 36
51; 23
51; 18
52; 21
52; 22
51; 16
51; 6
51; 6
52; 8
50; 15
52; 12
51; 6
52; 6
50; 6
51; 18
51; 24
51; 18
50; 9
52; 7
51; 25
52; 42
51; 48
51; 42
52; 35
51; 34
52; 32
50; 37
51; 16
51; 22
51; 14
51; 23
51; 23
51; 6
50; 16
52; 10
51; 25
51; 40
51; 36
52; 10
51; 20
50; 16
51; 24
51; 23
51; 23
51; 21
51; 26
51; 37
51; 44
49; 46
51; 39
50; 37
51; 43
51; 49
51; 47
51; 40
51; 33
50; 33
51; 47
51; 60
51; 64
51; 61
51; 53
51; 45
51; 49
49; 53
51; 48
50; 35
51; 27
51; 32
51; 62
51; 47
50; 62
51; 55
52; 58
50; 70
51; 78
51; 68
51; 48
51; 35
50; 38
50; 48
51; 45
50; 28
50; 15
51; 21
51; 33
51; 32
50; 19
51; 10
51; 16
51; 25
50; 25
50; 10
50; 6
50; 6
50; 6
51; 19
50; 26
50; 32
50; 39
50; 47
51; 57
50; 57
51; 50
51; 44
50; 44
50; 47
51; 48
50; 42
50; 36
51; 26
50; 28
51; 28
50; 27
50; 22
50; 17
50; 21
51; 27
49; 30
50; 27
50; 9
50; 18
51; 6
50; 6
50; 11
50; 13
50; 6
50; 10
48; 9
50; 24
50; 33
50; 25
50; 18
50; 16
49; 23
50; 21
50; 6
50; 27
49; 6
50; 6
50; 6
49; 6
50; 6
49; 6
50; 21
50; 34
49; 32
50; 23
50; 18
50; 20
49; 20
50; 16
50; 12
49; 6
50; 6
48; 13
50; 22
49; 26
49; 24
51; 20
49; 25
49; 33
49; 33
49; 24
50; 16
49; 16
50; 36
49; 25
49; 39
49; 30
49; 22
49; 23
50; 23
48; 20
49; 13
49; 10
49; 13
49; 19
49; 23
50; 21
49; 17
48; 16
50; 20
49; 21
49; 22
49; 24
49; 31
50; 44
49; 56
49; 60
50; 59
49; 50
49; 46
49; 51
49; 53
49; 44
49; 28
49; 30
48; 37
49; 49
50; 50
49; 36
49; 28
49; 35
48; 44
49; 51
48; 40
49; 25
49; 23
49; 35
49; 45
49; 41
49; 33
47; 30
49; 27
49; 37
49; 14
49; 6
48; 10
48; 26
48; 21
49; 21
48; 14
49; 6
48; 6
49; 14
49; 8
48; 8
47; 15
49; 8
49; 30
49; 50
49; 61
49; 63
49; 63
47; 63
48; 75
50; 70
49; 67
49; 57
48; 48
49; 44
49; 48
48; 49
48; 40
49; 28
48; 23
49; 28
49; 44
49; 36
49; 42
47; 31
49; 28
48; 39
49; 48
48; 46
48; 30
48; 20
49; 25
47; 36
49; 37
48; 21
48; 8
48; 7
48; 17
49; 28
48; 28
46; 19
49; 7
47; 6
48; 6
48; 24
48; 35
49; 38
48; 40
47; 36
48; 46
48; 46
48; 38
48; 26
48; 18
48; 17
47; 23
48; 20
48; 11
48; 8
48; 12
48; 15
48; 21
48; 20
48; 13
48; 6
47; 6
47; 7
48; 8
48; 6
47; 6
48; 6
47; 9
48; 13
47; 9
48; 6
47; 6
48; 6
48; 6
47; 8
48; 6
47; 6
46; 6
48; 33
47; 14
48; 38
48; 33
46; 33
48; 46
47; 54
48; 49
47; 36
48; 24
48; 27
47; 41
46; 45
48; 36
47; 25
48; 27
48; 42
47; 50
48; 46
47; 30
47; 22
48; 30
48; 45
47; 48
48; 38
47; 26
47; 25
48; 37
47; 43
48; 42
48; 40
47; 38
47; 53
47; 67
47; 72
48; 68
47; 71
48; 84
47; 102
48; 116
48; 121
47; 111
48; 100
47; 100
47; 110
49; 110
48; 99
47; 60
47; 74
48; 67
48; 82
47; 88
48; 80
49; 78
48; 83
48; 95
48; 94
48; 78
48; 64
47; 61
48; 73
48; 85
47; 80
47; 61
48; 51
48; 58
48; 68
46; 59
48; 26
48; 37
47; 34
48; 49
48; 51
48; 40
47; 33
47; 42
48; 60
48; 67
47; 51
47; 33
48; 27
48; 33
46; 37
47; 34
47; 22
48; 12
47; 16
47; 25
48; 25
48; 17
46; 10
48; 9
48; 8
47; 6
47; 9
47; 8
47; 12
47; 6
47; 6
48; 6
46; 6
48; 6
47; 6
47; 6
47; 6
47; 6
46; 8
47; 6
47; 6
48; 6
47; 11
48; 22
47; 18
46; 14
48; 20
47; 31
47; 32
47; 18
47; 8
47; 9
47; 20
47; 15
47; 17
47; 10
47; 6
47; 6
47; 12
47; 21
47; 28
47; 11
47; 24
47; 8
47; 18
47; 29
47; 26
47; 19
47; 16
47; 14
47; 18
47; 16
47; 6
47; 6
47; 6
47; 6
47; 6
47; 6
47; 6
47; 6
47; 6
47; 7
47; 14
47; 13
46; 9
47; 13
47; 27
47; 35
46; 13
46; 11
47; 26
47; 23
47; 32
47; 30
46; 17
47; 6
45; 6
46; 13
47; 19
47; 14
46; 6
47; 6
46; 18
47; 9
46; 14
46; 6
46; 6
46; 6
45; 8
47; 10
46; 6
46; 6
47; 6
46; 6
46; 6
46; 6
46; 6
45; 6
46; 6
46; 6
46; 6
46; 6
46; 6
46; 6
46; 21
47; 34
46; 30
46; 18
46; 13
46; 18
47; 28
46; 17
44; 24
46; 14
46; 16
46; 20
46; 22
46; 21
46; 21
45; 22
47; 27
45; 34
46; 23
46; 31
46; 20
46; 21
46; 26
46; 25
45; 18
46; 7
45; 7
46; 16
46; 22
46; 19
46; 11
46; 14
44; 7
45; 23
46; 25
45; 15
45; 8
46; 16
46; 33
44; 34
46; 22
46; 25
45; 42
44; 18
46; 45
46; 52
45; 27
45; 16
46; 26
45; 39
45; 36
45; 21
45; 12
46; 21
45; 32
45; 32
45; 24
45; 21
45; 29
45; 43
45; 33
45; 44
44; 24
45; 38
46; 26
45; 43
45; 38
45; 30
46; 26
45; 28
44; 36
46; 37
45; 26
45; 13
45; 11
45; 16
45; 18
44; 15
44; 7
45; 6
45; 22
45; 10
45; 17
45; 26
45; 25
44; 29
45; 32
45; 38
45; 39
45; 41
45; 34
45; 30
45; 32
44; 19
44; 36
46; 34
45; 11
45; 18
45; 32
45; 37
44; 28
44; 16
45; 18
45; 34
45; 45
45; 27
45; 41
45; 24
44; 39
45; 50
45; 44
44; 33
45; 29
44; 34
44; 41
45; 34
45; 26
45; 35
43; 28
44; 42
44; 37
44; 30
44; 26
45; 34
44; 44
43; 48
45; 48
44; 41
44; 32
44; 35
45; 31
45; 36
43; 28
45; 22
44; 29
44; 42
44; 42
44; 35
44; 27
45; 29
43; 38
45; 42
44; 35
44; 24
44; 20
44; 24
44; 31
43; 30
43; 22
44; 10
43; 6
44; 6
44; 6
44; 6
44; 9
44; 6
43; 17
44; 29
45; 25
44; 33
44; 30
44; 38
45; 46
43; 53
44; 58
45; 58
44; 52
44; 48
44; 56
44; 61
44; 60
43; 47
44; 30
45; 34
44; 54
44; 49
44; 52
44; 43
44; 41
43; 45
45; 49
43; 42
43; 29
44; 26
44; 30
44; 36
43; 33
43; 18
44; 7
44; 9
44; 18
44; 26
44; 24
44; 20
43; 16
44; 22
44; 16
44; 36
44; 32
44; 44
44; 56
44; 51
42; 59
44; 54
44; 49
44; 47
44; 46
44; 48
44; 46
44; 43
43; 36
42; 38
45; 44
43; 48
43; 36
44; 23
43; 18
44; 28
43; 38
43; 38
44; 24
43; 10
43; 10
43; 12
44; 11
43; 6
43; 6
44; 8
43; 16
44; 21
43; 24
44; 28
43; 24
42; 40
43; 33
44; 53
43; 71
44; 82
44; 79
44; 77
44; 88
43; 102
45; 103
42; 95
44; 103
44; 115
44; 117
45; 106
43; 117
44; 106
44; 119
44; 102
44; 90
44; 102
44; 94
44; 100
44; 94
42; 90
44; 77
43; 57
44; 38
44; 29
44; 36
44; 48
44; 52
44; 48
42; 47
43; 45
44; 51
44; 70
44; 95
45; 115
44; 123
44; 118
45; 117
44; 118
44; 119
44; 118
45; 103
44; 110
43; 93
44; 78
44; 68
44; 65
44; 74
44; 75
44; 66
44; 52
43; 47
44; 47
44; 43
44; 37
44; 40
44; 41
45; 37
44; 31
43; 33
44; 52
45; 48
44; 44
44; 25
44; 12
45; 6
44; 6
44; 16
44; 8
44; 6
44; 6
44; 6
44; 6
44; 6
44; 6
44; 6
44; 6
43; 6
44; 6
45; 6
44; 6
44; 6
44; 6
44; 6
44; 6
42; 6
44; 6
44; 6
44; 6
44; 6
44; 6
44; 6
44; 6
42; 6
44; 6
44; 6
43; 6
43; 6
44; 6
44; 6
43; 6
44; 6
43; 6
43; 6
43; 6
43; 6
43; 6
44; 6
43; 6
44; 6
43; 6
44; 6
43; 6
43; 6
43; 6
44; 6
43; 6
43; 6
43; 6
43; 6
43; 6
43; 6
43; 8
43; 10
43; 12
43; 21
43; 26
43; 30
43; 29
42; 29
44; 26
43; 23
43; 22
43; 22
43; 23
43; 24
43; 25
42; 27
43; 29
42; 26
43; 20
43; 22
43; 25
44; 23
43; 6
43; 6
43; 6
41; 6
43; 6
42; 6
42; 6
43; 6
43; 6
43; 6
43; 6
42; 6
43; 6
44; 6
43; 11
43; 13
43; 10
41; 12
42; 24
42; 22
42; 17
42; 14
42; 9
43; 16
42; 24
41; 29
42; 33
43; 29
42; 30
42; 27
42; 28
43; 24
42; 14
43; 6
43; 6
42; 6
43; 6
42; 11
42; 7
42; 14
41; 18
43; 24
42; 24
42; 29
42; 30
42; 15
42; 9
42; 10
40; 9
43; 11
42; 7
42; 6
42; 6
42; 10
41; 8
42; 6
42; 6
42; 6
43; 6
42; 8
42; 10
41; 6
41; 11
42; 21
41; 6
42; 23
42; 22
42; 21
42; 33
42; 45
42; 45
40; 37
42; 22
41; 20
42; 25
41; 25
41; 21
42; 17
41; 14
40; 20
42; 26
41; 30
42; 31
41; 24
41; 22
42; 19
41; 18
41; 20
42; 17
41; 15
41; 16
41; 20
41; 22
41; 21
40; 18
41; 15
41; 20
41; 21
41; 21
41; 22
41; 23
41; 27
41; 31
42; 37
41; 56
41; 47
41; 65
41; 62
42; 69
42; 73
42; 69
41; 66
42; 68
41; 80
41; 83
41; 72
42; 61
41; 61
42; 64
40; 62
41; 63
41; 68
41; 74
41; 79
41; 68
41; 53
40; 45
42; 52
41; 61
41; 61
41; 54
41; 41
41; 37
41; 36
40; 37
42; 39
42; 36
41; 30
41; 24
41; 23
40; 33
42; 28
41; 37
41; 37
41; 37
41; 48
41; 50
41; 45
41; 49
40; 58
42; 64
41; 55
41; 44
41; 40
41; 45
41; 46
41; 40
39; 33
42; 37
41; 44
40; 44
41; 35
41; 34
41; 36
40; 37
41; 39
42; 34
41; 29
41; 27
41; 23
41; 22
40; 24
40; 23
41; 17
40; 21
41; 18
40; 14
40; 8
41; 6
41; 6
40; 6
41; 6
40; 6
40; 6
41; 7
40; 13
41; 13
41; 10
39; 18
41; 34
40; 44
40; 43
41; 40
40; 43
41; 52
39; 42
40; 50
41; 33
41; 32
40; 31
40; 29
40; 22
41; 15
41; 13
39; 15
41; 15
41; 14
41; 6
40; 8
40; 10
39; 19
40; 17
40; 13
