13; 23
11; 22
11; 24
11; 25
11; 24
11; 24
11; 25
11; 27
11; 27
11; 26
11; 25
11; 26
11; 27
11; 28
11; 26
11; 26
11; 26
11; 28
11; 28
11; 26
11; 25
11; 26
11; 28
11; 28
11; 27
11; 26
11; 26
11; 28
11; 28
11; 27
11; 26
11; 26
11; 28
11; 28
11; 27
11; 26
11; 27
11; 28
11; 28
11; 27
11; 27
11; 26
11; 28
11; 28
11; 27
11; 26
11; 26
11; 28
11; 28
11; 27
11; 26
11; 27
11; 28
11; 29
11; 27
11; 26
11; 26
11; 28
11; 28
11; 27
11; 26
11; 26
11; 28
11; 29
11; 27
11; 26
11; 27
11; 28
11; 29
11; 27
11; 26
11; 26
11; 28
11; 29
11; 28
11; 26
11; 26
11; 28
11; 29
11; 27
11; 26
11; 27
11; 28
11; 29
11; 27
11; 26
11; 26
11; 28
11; 29
11; 27
11; 27
11; 27
11; 28
11; 28
11; 27
11; 27
11; 27
11; 28
11; 29
11; 27
11; 26
11; 26
11; 28
11; 29
11; 27
11; 26
11; 26
11; 29
11; 28
11; 27
11; 27
11; 26
11; 28
11; 28
11; 27
11; 26
11; 26
11; 28
11; 28
11; 27
11; 26
11; 26
11; 28
11; 29
11; 27
11; 26
11; 26
11; 28
11; 28
11; 27
11; 26
11; 26
11; 28
11; 29
11; 27
11; 26
11; 26
11; 28
11; 28
11; 27
11; 26
11; 24
11; 28
11; 28
11; 27
11; 26
11; 27
11; 28
11; 28
11; 27
11; 26
11; 26
11; 28
11; 28
11; 27
11; 24
11; 26
11; 28
11; 29
11; 27
11; 26
11; 26
11; 28
11; 28
11; 27
11; 26
11; 27
11; 28
11; 28
11; 27
11; 26
11; 26
11; 28
11; 28
11; 27
11; 26
11; 26
11; 28
11; 28
11; 27
11; 26
11; 27
11; 28
11; 28
11; 27
11; 26
11; 26
11; 28
11; 28
11; 27
11; 26
11; 26
11; 28
11; 28
11; 27
11; 26
11; 26
11; 28
11; 28
11; 27
11; 26
11; 26
11; 28
11; 28
11; 27
11; 26
11; 26
11; 28
11; 28
11; 27
11; 26
11; 26
11; 28
11; 28
11; 27
11; 26
11; 27
11; 28
11; 28
11; 27
11; 26
11; 26
11; 28
11; 28
11; 27
11; 26
11; 26
11; 28
11; 28
11; 27
11; 26
11; 27
11; 29
11; 28
11; 27
11; 26
11; 26
11; 28
11; 28
11; 27
11; 26
11; 26
11; 28
11; 28
11; 27
11; 26
11; 26
11; 28
11; 28
11; 26
11; 26
11; 26
11; 28
11; 28
11; 27
11; 26
11; 26
11; 28
11; 28
11; 27
11; 26
11; 28
11; 26
11; 28
11; 27
11; 27
11; 26
11; 28
11; 28
11; 27
11; 26
11; 26
11; 28
11; 28
11; 27
11; 26
11; 26
11; 28
11; 29
11; 26
11; 26
11; 26
11; 28
11; 29
11; 27
11; 26
11; 27
11; 28
11; 28
11; 27
11; 26
11; 26
11; 27
11; 28
11; 27
11; 26
11; 26
11; 28
11; 28
11; 27
11; 26
11; 26
11; 28
11; 28
11; 27
11; 26
11; 26
11; 28
11; 28
11; 27
11; 26
11; 26
11; 28
11; 28
11; 27
11; 26
11; 26
11; 28
11; 28
11; 27
11; 27
11; 26
11; 28
11; 28
11; 27
11; 26
11; 26
11; 27
11; 28
11; 27
11; 26
11; 26
11; 28
11; 28
11; 27
11; 25
11; 28
11; 26
11; 28
11; 27
11; 26
11; 26
11; 28
11; 28
11; 27
11; 26
11; 26
11; 28
11; 28
11; 27
11; 26
9; 26
11; 28
11; 28
11; 27
11; 26
11; 26
11; 28
11; 28
11; 27
11; 26
11; 26
11; 28
11; 28
11; 27
11; 26
11; 26
11; 28
11; 28
11; 27
11; 26
11; 27
11; 28
11; 29
11; 27
11; 26
11; 26
11; 28
11; 28
11; 27
11; 26
11; 26
11; 28
11; 28
11; 26
11; 27
11; 26
11; 27
11; 28
11; 27
11; 26
11; 27
11; 28
11; 29
11; 27
11; 27
11; 27
11; 30
11; 30
11; 29
11; 28
11; 27
11; 31
11; 31
11; 33
11; 32
11; 36
11; 42
11; 42
11; 47
11; 57
11; 45
13; 53
11; 64
11; 74
11; 72
14; 84
11; 79
11; 100
13; 110
12; 104
11; 114
11; 112
11; 140
13; 143
11; 140
11; 162
11; 163
13; 174
12; 195
11; 195
11; 201
14; 201
17; 201
12; 201
11; 201
16; 201
16; 201
12; 201
11; 201
15; 201
16; 201
13; 201
15; 201
11; 201
17; 201
18; 201
16; 201
11; 201
16; 201
18; 201
16; 201
11; 201
19; 201
17; 201
11; 201
17; 201
19; 201
20; 201
11; 201
19; 201
19; 201
20; 201
12; 201
19; 201
21; 201
18; 201
13; 201
20; 201
23; 201
22; 201
13; 201
22; 201
23; 201
21; 201
16; 201
22; 201
24; 201
20; 201
23; 201
19; 201
27; 201
22; 201
20; 201
26; 201
26; 201
19; 201
22; 201
24; 201
29; 201
14; 201
26; 201
25; 201
25; 201
19; 201
26; 201
30; 201
24; 201
24; 201
27; 201
30; 201
26; 201
26; 201
29; 201
27; 201
22; 201
29; 201
33; 201
27; 201
26; 201
33; 201
31; 201
22; 201
30; 201
34; 201
31; 201
25; 201
34; 201
34; 201
23; 201
31; 201
35; 201
33; 201
27; 201
35; 201
36; 201
24; 201
33; 201
38; 201
33; 201
31; 201
37; 201
35; 201
29; 201
35; 201
40; 201
35; 201
34; 201
39; 201
33; 201
34; 201
37; 201
41; 201
30; 201
38; 201
43; 201
31; 201
38; 201
39; 201
40; 201
35; 201
39; 201
44; 201
31; 201
43; 201
43; 201
35; 201
45; 201
40; 201
41; 201
39; 201
41; 201
45; 201
45; 201
37; 201
36; 201
47; 201
44; 201
49; 201
35; 201
44; 201
48; 201
42; 201
43; 201
48; 201
47; 195
41; 201
50; 201
46; 197
42; 201
48; 201
52; 201
40; 201
48; 201
55; 201
39; 201
50; 201
54; 200
42; 201
54; 201
49; 201
50; 171
50; 201
53; 201
46; 184
52; 201
54; 201
50; 201
49; 201
55; 201
53; 195
49; 201
56; 201
51; 190
52; 201
56; 201
54; 201
53; 201
58; 201
53; 170
52; 201
57; 201
54; 163
55; 201
59; 182
53; 183
56; 189
57; 201
59; 147
60; 201
62; 178
49; 144
62; 153
59; 201
59; 173
52; 178
65; 176
52; 142
61; 201
52; 178
67; 160
64; 201
64; 128
57; 201
63; 178
63; 186
59; 201
66; 201
64; 193
63; 201
69; 201
54; 194
67; 201
67; 163
58; 201
66; 181
66; 163
62; 173
68; 198
67; 143
67; 201
73; 166
59; 169
71; 200
66; 124
70; 144
66; 201
62; 157
69; 161
74; 158
63; 141
70; 177
71; 116
68; 168
74; 134
62; 103
73; 154
74; 74
68; 156
75; 105
66; 109
72; 112
77; 105
68; 104
75; 152
75; 107
75; 184
81; 165
67; 180
78; 201
73; 131
77; 201
79; 123
70; 183
79; 135
72; 122
67; 130
82; 119
72; 113
80; 134
79; 69
78; 136
84; 90
73; 124
82; 126
71; 79
83; 145
81; 58
77; 146
74; 98
85; 80
84; 93
77; 102
83; 89
86; 112
78; 56
83; 115
89; 61
89; 108
78; 118
75; 73
88; 125
85; 46
83; 139
89; 64
78; 123
87; 111
87; 118
86; 152
90; 153
82; 135
89; 166
90; 97
94; 100
87; 158
82; 118
91; 104
80; 49
93; 103
92; 8
87; 95
94; 17
92; 47
84; 69
88; 41
91; 61
94; 55
85; 49
95; 89
93; 32
92; 93
98; 44
86; 85
100; 76
85; 41
98; 80
91; 6
95; 95
98; 6
89; 80
99; 26
88; 52
97; 50
98; 49
95; 65
100; 65
92; 64
100; 114
99; 68
97; 140
95; 142
103; 90
105; 129
92; 104
103; 126
91; 36
102; 112
102; 17
105; 44
98; 116
105; 70
94; 97
94; 73
101; 87
105; 76
99; 88
106; 90
98; 73
106; 114
105; 54
103; 108
109; 51
102; 102
112; 84
108; 104
98; 86
110; 120
97; 50
107; 121
104; 21
108; 16
103; 109
112; 35
101; 87
111; 61
101; 66
108; 82
113; 75
108; 102
105; 92
113; 95
115; 98
104; 57
112; 100
112; 33
111; 79
116; 24
110; 75
119; 58
118; 76
105; 63
105; 34
116; 92
106; 16
116; 105
117; 6
113; 106
117; 12
111; 109
120; 25
108; 84
122; 44
119; 61
111; 47
119; 58
109; 68
120; 44
116; 64
120; 53
123; 63
114; 50
113; 30
120; 20
119; 91
120; 79
124; 56
119; 95
126; 62
115; 94
114; 56
128; 76
126; 77
114; 23
124; 81
125; 85
114; 6
121; 6
124; 101
127; 6
121; 111
127; 15
119; 92
132; 28
118; 79
130; 45
118; 57
127; 47
122; 32
127; 52
128; 38
125; 50
130; 38
123; 40
133; 53
123; 29
132; 68
125; 12
128; 71
131; 22
130; 73
127; 73
135; 33
138; 60
125; 74
124; 62
134; 100
136; 90
124; 23
136; 87
124; 6
134; 81
135; 6
133; 77
136; 6
130; 67
138; 6
129; 50
141; 6
129; 41
141; 6
128; 26
139; 6
128; 12
137; 22
130; 9
138; 27
140; 6
137; 21
138; 15
135; 24
142; 6
135; 8
142; 18
134; 8
144; 29
134; 6
140; 35
139; 6
138; 46
144; 6
140; 57
145; 11
140; 53
146; 27
147; 201
152; 201
146; 201
143; 201
151; 201
148; 201
144; 201
145; 201
146; 194
145; 98
145; 6
145; 6
145; 6
144; 6
145; 6
144; 6
145; 6
144; 6
144; 6
142; 6
144; 6
144; 6
143; 6
144; 6
143; 6
142; 6
143; 6
142; 6
143; 6
143; 6
143; 6
143; 6
142; 6
143; 6
143; 6
143; 6
142; 6
142; 6
142; 6
142; 6
140; 6
142; 6
142; 6
142; 6
141; 6
142; 6
141; 6
141; 6
140; 6
141; 6
140; 6
142; 6
141; 6
141; 6
139; 6
141; 6
140; 6
141; 6
140; 6
140; 6
140; 6
140; 6
140; 6
139; 6
140; 6
140; 6
140; 6
140; 6
140; 6
140; 6
140; 6
140; 6
138; 6
139; 6
140; 6
139; 6
139; 6
139; 6
140; 6
138; 6
139; 6
138; 6
138; 6
139; 6
139; 6
139; 6
139; 6
137; 6
137; 6
139; 6
139; 6
138; 6
138; 6
139; 6
138; 6
138; 6
136; 6
138; 6
138; 6
138; 6
138; 6
138; 6
138; 6
136; 6
138; 6
137; 6
137; 6
137; 6
137; 6
137; 6
138; 6
138; 6
137; 6
137; 6
138; 6
137; 6
137; 6
137; 6
137; 6
137; 6
137; 6
136; 6
137; 6
137; 6
137; 6
137; 6
136; 6
135; 6
136; 6
136; 6
136; 6
136; 6
137; 6
135; 6
137; 6
137; 6
136; 6
135; 6
136; 6
136; 6
136; 6
136; 6
136; 6
135; 6
136; 6
136; 6
135; 6
136; 6
136; 6
137; 6
136; 6
135; 6
136; 6
136; 6
136; 6
136; 6
135; 6
136; 6
135; 6
135; 6
135; 6
135; 6
135; 6
135; 6
135; 6
135; 6
135; 6
135; 6
135; 6
133; 6
135; 6
134; 6
135; 6
135; 6
135; 6
134; 6
134; 6
133; 6
134; 6
135; 6
134; 6
134; 6
135; 6
134; 6
134; 6
134; 6
134; 6
135; 6
133; 6
134; 9
133; 6
134; 6
134; 6
134; 6
134; 6
134; 6
132; 6
133; 6
134; 6
134; 6
134; 6
134; 6
133; 6
134; 6
132; 6
134; 6
133; 6
133; 6
134; 6
133; 6
133; 6
133; 6
132; 6
133; 6
132; 6
133; 6
133; 6
133; 6
133; 6
132; 6
133; 6
132; 6
132; 6
133; 6
133; 13
133; 17
133; 15
132; 11
132; 8
133; 6
132; 6
132; 6
132; 6
132; 6
132; 6
132; 6
133; 6
133; 6
132; 6
132; 6
132; 6
132; 7
132; 8
132; 11
132; 8
132; 9
132; 9
132; 9
130; 9
132; 9
131; 10
131; 10
131; 10
131; 10
132; 11
130; 11
131; 11
130; 11
131; 11
131; 12
131; 17
131; 26
131; 33
131; 42
131; 43
131; 49
131; 33
130; 26
131; 19
131; 19
131; 18
130; 17
130; 16
130; 17
130; 20
131; 20
130; 17
130; 19
130; 20
130; 25
130; 26
130; 17
130; 14
130; 19
130; 25
130; 23
130; 19
130; 16
130; 16
130; 19
130; 14
130; 12
130; 10
130; 10
130; 13
130; 10
130; 15
130; 28
130; 9
130; 44
130; 50
130; 47
130; 36
130; 32
130; 31
130; 26
130; 18
129; 13
130; 9
130; 9
129; 13
129; 10
129; 8
129; 8
129; 16
130; 19
128; 14
129; 10
129; 10
129; 17
129; 18
129; 11
129; 12
130; 11
128; 11
129; 11
129; 11
128; 12
128; 12
128; 12
129; 13
128; 13
127; 13
128; 18
128; 31
129; 41
128; 47
129; 44
129; 41
128; 38
128; 29
128; 11
128; 10
128; 17
128; 12
129; 11
128; 11
127; 11
128; 12
128; 15
128; 19
128; 15
128; 13
128; 15
128; 13
128; 18
128; 15
127; 14
127; 17
128; 21
127; 16
128; 19
127; 15
128; 15
127; 15
127; 16
128; 15
127; 16
127; 16
127; 16
127; 17
127; 16
126; 38
127; 21
128; 50
127; 55
127; 50
127; 41
127; 32
128; 27
127; 24
127; 19
128; 15
127; 12
127; 13
127; 13
127; 13
127; 14
127; 15
127; 21
127; 23
127; 18
126; 20
127; 19
127; 19
126; 21
125; 19
126; 18
126; 15
126; 20
127; 15
126; 18
127; 16
126; 16
125; 20
126; 20
126; 20
126; 18
126; 21
126; 23
127; 26
126; 35
126; 45
127; 53
126; 58
126; 58
126; 49
126; 37
126; 30
125; 30
126; 25
126; 20
126; 19
126; 18
126; 22
126; 23
126; 22
124; 21
124; 25
126; 21
125; 27
125; 23
125; 22
125; 22
126; 28
124; 28
126; 23
124; 15
125; 17
125; 17
125; 21
125; 13
124; 12
124; 13
126; 18
125; 16
125; 15
124; 14
125; 23
126; 38
125; 49
124; 53
125; 50
125; 47
125; 43
125; 32
124; 24
125; 18
124; 9
123; 10
124; 15
124; 13
124; 11
124; 12
124; 14
123; 15
124; 17
124; 14
125; 14
124; 19
124; 18
124; 15
124; 14
124; 15
124; 15
124; 15
124; 15
124; 16
124; 16
124; 16
124; 17
124; 17
122; 17
124; 17
123; 17
124; 18
123; 18
124; 22
124; 37
124; 42
123; 43
124; 36
123; 27
123; 21
123; 16
123; 16
124; 17
123; 17
122; 17
124; 17
123; 18
123; 18
123; 18
123; 18
123; 23
123; 31
123; 26
124; 21
123; 25
123; 21
122; 23
123; 18
123; 18
121; 19
123; 19
121; 19
122; 19
123; 19
122; 19
123; 19
122; 23
121; 20
123; 20
122; 20
122; 26
122; 32
122; 40
123; 49
121; 56
122; 60
122; 36
123; 55
122; 48
122; 32
122; 30
122; 29
121; 27
122; 24
121; 26
122; 28
122; 29
122; 23
121; 27
122; 26
121; 31
122; 25
121; 31
122; 22
121; 20
121; 16
121; 16
122; 14
120; 14
121; 19
122; 19
121; 20
121; 23
121; 18
121; 21
122; 24
120; 23
122; 23
121; 23
121; 26
121; 32
121; 41
122; 48
121; 56
120; 63
122; 69
121; 66
121; 49
121; 38
121; 31
121; 32
120; 31
120; 27
121; 25
121; 24
121; 21
120; 23
121; 21
121; 21
119; 24
120; 25
120; 24
121; 27
120; 23
121; 22
121; 26
120; 23
121; 18
120; 13
120; 9
120; 12
120; 14
120; 12
121; 12
120; 13
119; 17
121; 24
120; 28
120; 38
120; 47
120; 58
121; 58
119; 47
120; 36
120; 31
120; 28
120; 24
119; 18
120; 14
120; 18
118; 21
120; 22
119; 15
120; 15
119; 17
120; 20
120; 16
119; 13
118; 10
120; 11
119; 16
119; 13
119; 12
119; 13
119; 13
118; 14
118; 14
120; 14
119; 15
119; 15
119; 15
119; 15
119; 16
119; 16
118; 32
119; 51
119; 55
119; 50
119; 45
119; 35
119; 31
118; 27
117; 22
119; 13
120; 15
118; 12
118; 13
118; 14
119; 14
118; 14
118; 15
119; 17
118; 16
118; 16
118; 16
118; 18
118; 17
118; 17
118; 17
118; 18
118; 18
118; 18
118; 18
118; 18
118; 19
118; 19
117; 19
118; 19
118; 19
118; 24
118; 36
118; 51
118; 60
117; 66
117; 67
119; 70
117; 56
118; 45
118; 34
118; 28
117; 26
117; 26
118; 26
118; 22
117; 24
118; 28
118; 30
116; 27
118; 28
118; 30
117; 31
117; 28
117; 24
117; 22
117; 22
116; 20
117; 24
117; 23
117; 22
117; 19
117; 23
117; 26
117; 25
116; 19
116; 22
118; 20
117; 22
116; 22
117; 22
117; 31
117; 46
117; 61
117; 67
117; 74
117; 72
117; 65
117; 53
117; 42
117; 34
115; 27
117; 24
116; 28
117; 28
116; 28
116; 26
117; 32
117; 38
116; 33
116; 33
117; 36
116; 26
116; 31
116; 22
116; 21
116; 24
115; 20
116; 19
116; 14
116; 11
116; 15
116; 20
116; 20
116; 17
114; 15
116; 17
115; 21
116; 23
116; 26
116; 32
116; 47
115; 55
115; 51
116; 43
115; 31
116; 27
115; 25
115; 21
116; 11
116; 6
115; 6
115; 10
115; 11
115; 12
115; 11
115; 15
115; 19
114; 15
115; 15
115; 12
115; 9
115; 8
115; 9
116; 10
115; 10
114; 11
115; 11
114; 16
115; 12
114; 13
115; 13
115; 18
114; 20
114; 16
115; 17
115; 23
115; 28
114; 35
115; 45
115; 54
114; 58
115; 62
115; 58
115; 52
114; 39
114; 31
115; 29
114; 24
113; 18
114; 12
114; 13
114; 23
114; 21
114; 21
115; 22
114; 24
113; 25
115; 22
114; 21
114; 14
114; 14
114; 11
114; 15
113; 16
114; 13
114; 12
114; 16
114; 13
113; 14
113; 14
114; 14
114; 23
112; 25
114; 25
113; 24
113; 25
114; 31
114; 38
113; 55
114; 47
113; 56
114; 62
113; 61
113; 49
113; 37
113; 29
114; 30
112; 30
113; 26
114; 19
113; 19
113; 23
113; 25
113; 25
113; 29
112; 32
113; 37
112; 35
113; 32
113; 30
113; 27
113; 26
113; 27
111; 26
113; 18
112; 20
113; 24
112; 22
112; 13
113; 16
112; 23
112; 24
113; 21
112; 19
113; 23
112; 33
113; 44
111; 59
113; 52
111; 59
113; 53
113; 49
112; 32
112; 23
112; 39
112; 17
111; 21
112; 20
112; 22
112; 14
112; 20
112; 23
112; 22
111; 16
110; 10
113; 15
112; 16
112; 18
111; 17
111; 12
111; 13
111; 14
111; 12
112; 9
111; 10
111; 11
111; 11
111; 12
110; 12
111; 12
112; 13
111; 16
111; 24
111; 50
111; 38
112; 59
111; 67
110; 65
111; 36
112; 54
111; 34
111; 33
111; 25
111; 16
111; 13
110; 8
111; 16
111; 17
111; 15
111; 16
111; 16
111; 18
111; 18
109; 12
111; 13
110; 12
111; 13
110; 13
110; 13
111; 14
111; 14
109; 15
111; 15
110; 15
110; 16
110; 16
110; 19
111; 21
110; 20
111; 39
110; 28
110; 53
110; 61
110; 69
110; 76
111; 75
110; 63
110; 54
110; 42
110; 37
110; 26
110; 27
110; 25
110; 23
108; 19
111; 25
109; 28
110; 29
109; 25
110; 26
110; 26
110; 27
108; 28
111; 27
110; 24
109; 24
110; 20
110; 20
110; 18
109; 22
111; 32
109; 23
109; 34
110; 32
110; 34
109; 34
110; 37
108; 41
110; 48
110; 63
110; 78
109; 85
109; 74
109; 77
109; 62
108; 51
110; 45
108; 38
109; 25
109; 19
110; 24
109; 24
109; 19
108; 25
110; 21
109; 27
109; 30
109; 26
109; 24
109; 22
107; 19
108; 17
109; 19
108; 8
108; 13
108; 6
108; 10
108; 11
108; 10
108; 6
108; 6
108; 8
108; 15
108; 25
108; 38
108; 53
109; 64
108; 68
108; 61
108; 48
108; 37
108; 30
108; 23
108; 19
108; 16
108; 16
108; 17
108; 18
108; 18
108; 17
108; 18
108; 23
108; 21
108; 21
108; 18
108; 17
108; 20
108; 11
108; 19
108; 9
108; 11
107; 12
108; 11
107; 7
107; 9
108; 11
108; 13
108; 17
107; 19
108; 43
107; 25
108; 60
107; 68
108; 71
107; 62
106; 55
107; 50
107; 40
107; 33
107; 24
107; 20
107; 17
108; 14
105; 13
107; 17
107; 18
107; 22
107; 21
107; 24
107; 21
106; 23
106; 26
105; 21
107; 14
107; 12
107; 13
107; 15
107; 18
106; 15
107; 16
106; 14
107; 19
106; 20
106; 17
106; 18
107; 26
105; 40
107; 52
105; 61
107; 73
107; 80
107; 84
107; 73
106; 59
105; 49
107; 39
106; 35
106; 29
106; 27
106; 23
106; 24
106; 26
105; 23
106; 20
105; 25
106; 28
106; 31
106; 28
106; 23
106; 19
104; 17
106; 19
105; 14
105; 12
106; 11
106; 10
106; 12
105; 16
104; 12
106; 14
105; 12
106; 21
106; 28
105; 34
106; 41
105; 54
105; 66
106; 66
105; 62
106; 51
105; 43
106; 35
106; 30
105; 12
104; 19
105; 8
105; 13
105; 15
105; 14
105; 17
105; 17
104; 16
105; 18
105; 18
105; 15
105; 11
105; 10
105; 9
105; 6
105; 6
105; 6
105; 6
103; 6
104; 6
105; 6
105; 6
104; 6
104; 6
104; 6
105; 15
105; 33
104; 50
105; 62
105; 63
105; 59
105; 53
104; 50
104; 45
104; 34
104; 25
105; 19
104; 19
103; 16
105; 16
104; 20
104; 16
104; 16
104; 22
104; 19
104; 20
103; 20
103; 18
104; 18
104; 15
104; 12
104; 6
104; 8
103; 8
104; 9
104; 9
104; 10
104; 9
103; 14
103; 15
103; 16
104; 14
103; 23
104; 34
103; 58
103; 46
104; 73
103; 80
104; 77
102; 68
103; 61
104; 53
104; 46
103; 38
103; 28
103; 23
104; 25
102; 23
103; 21
104; 15
103; 15
103; 21
103; 28
103; 23
103; 17
102; 16
103; 21
103; 22
103; 25
103; 22
103; 22
103; 19
103; 21
103; 21
103; 20
103; 16
103; 17
103; 24
103; 27
103; 25
102; 19
102; 26
103; 40
103; 55
103; 70
103; 63
103; 71
103; 75
102; 67
102; 58
102; 48
103; 37
102; 29
103; 24
102; 26
102; 22
101; 17
103; 23
102; 26
102; 23
102; 22
102; 23
102; 25
102; 22
101; 14
102; 12
102; 12
102; 14
102; 14
102; 11
102; 9
101; 12
102; 11
102; 10
102; 11
102; 11
102; 12
102; 18
102; 26
102; 30
102; 42
101; 54
102; 74
102; 82
102; 77
102; 65
100; 54
101; 31
102; 59
102; 42
101; 22
101; 18
102; 21
101; 18
102; 17
100; 15
101; 17
101; 20
102; 22
101; 22
101; 15
101; 13
101; 11
100; 9
101; 6
100; 6
101; 6
101; 6
101; 6
101; 6
101; 6
101; 6
102; 11
101; 12
100; 12
101; 9
101; 10
101; 22
100; 35
101; 47
101; 60
101; 73
101; 81
101; 78
100; 68
101; 61
100; 57
101; 49
100; 45
100; 35
100; 28
100; 22
101; 18
100; 18
99; 19
101; 20
100; 24
100; 30
100; 32
100; 27
101; 24
100; 24
100; 25
101; 23
100; 14
100; 15
100; 17
100; 22
99; 19
101; 20
100; 18
100; 18
100; 22
100; 23
100; 15
100; 18
100; 21
99; 38
100; 53
101; 63
100; 71
100; 78
100; 79
100; 71
100; 58
98; 47
100; 41
99; 36
99; 29
99; 23
100; 19
100; 19
99; 30
100; 30
99; 26
99; 25
99; 26
99; 32
100; 32
100; 25
98; 20
100; 21
99; 19
99; 15
99; 7
99; 6
99; 6
99; 12
99; 12
98; 6
100; 7
99; 12
99; 20
99; 27
99; 37
100; 44
98; 56
99; 66
99; 72
99; 65
99; 51
98; 53
99; 45
98; 26
99; 36
99; 17
99; 19
99; 18
98; 17
99; 16
99; 18
98; 20
99; 20
99; 20
98; 15
99; 12
98; 9
98; 6
98; 6
98; 6
99; 6
98; 6
97; 6
98; 8
98; 6
98; 6
98; 6
98; 8
98; 6
98; 17
98; 28
98; 46
99; 63
98; 72
98; 72
97; 68
98; 68
98; 74
98; 69
98; 59
98; 45
98; 36
98; 31
96; 25
98; 19
98; 19
98; 18
98; 19
98; 17
98; 16
97; 14
98; 11
98; 10
97; 10
97; 8
97; 6
98; 6
98; 6
96; 9
97; 8
97; 6
97; 13
96; 6
97; 14
97; 13
96; 36
97; 21
98; 53
97; 68
97; 77
97; 80
98; 77
97; 79
97; 73
96; 65
98; 55
97; 49
97; 49
97; 39
97; 31
97; 29
97; 29
96; 27
96; 27
96; 27
97; 27
97; 21
97; 23
97; 20
97; 15
95; 7
96; 7
97; 10
96; 8
97; 10
96; 12
97; 9
96; 6
95; 12
96; 23
96; 10
96; 12
96; 9
97; 38
97; 53
97; 61
97; 70
97; 77
97; 76
97; 71
97; 58
96; 61
97; 50
95; 39
96; 31
95; 24
97; 18
96; 17
96; 19
96; 14
96; 12
95; 6
96; 6
94; 6
96; 6
96; 6
96; 6
96; 6
96; 6
96; 6
95; 6
94; 6
96; 6
94; 6
96; 6
95; 6
96; 6
96; 6
96; 18
96; 32
96; 59
95; 45
96; 73
96; 79
94; 78
96; 69
95; 61
96; 57
96; 51
95; 35
95; 21
95; 14
94; 10
96; 11
94; 6
95; 6
95; 6
95; 6
95; 8
95; 6
95; 6
95; 6
94; 6
94; 6
95; 6
95; 6
95; 6
94; 6
95; 6
95; 6
93; 6
95; 6
95; 8
94; 7
95; 8
94; 10
95; 18
94; 58
96; 37
95; 75
94; 85
95; 89
95; 96
94; 94
95; 78
94; 87
94; 69
95; 60
94; 53
95; 40
95; 29
93; 23
95; 25
95; 24
94; 23
94; 19
94; 18
94; 18
94; 19
93; 17
94; 13
93; 6
93; 6
94; 9
94; 7
94; 6
93; 7
93; 11
94; 13
93; 13
94; 11
94; 11
94; 11
93; 11
94; 14
94; 6
94; 20
94; 8
94; 35
94; 61
94; 49
94; 76
93; 90
94; 92
93; 88
94; 83
94; 79
94; 75
94; 67
92; 41
94; 54
94; 31
93; 30
94; 28
93; 25
93; 22
94; 22
93; 23
94; 17
92; 24
93; 11
93; 10
93; 12
93; 14
93; 12
93; 12
93; 13
94; 13
93; 12
93; 6
93; 6
93; 9
93; 8
91; 11
93; 12
92; 10
93; 13
92; 18
93; 23
93; 30
93; 42
93; 67
92; 56
93; 74
93; 76
92; 70
93; 63
93; 57
92; 52
91; 37
93; 23
92; 17
93; 19
92; 23
92; 18
92; 12
93; 17
91; 20
92; 20
92; 12
92; 8
92; 8
92; 8
92; 6
92; 6
92; 6
92; 6
90; 6
92; 6
92; 6
91; 6
92; 6
92; 11
91; 10
92; 11
92; 12
92; 12
92; 15
92; 23
92; 34
90; 44
92; 60
91; 77
92; 84
92; 86
92; 82
92; 77
92; 71
90; 64
92; 51
91; 38
91; 30
92; 31
91; 29
92; 28
91; 21
92; 21
91; 21
91; 18
91; 15
91; 12
91; 12
90; 13
92; 12
91; 10
91; 7
91; 9
91; 8
91; 10
91; 10
91; 11
90; 11
91; 13
90; 17
90; 16
91; 16
91; 19
91; 25
90; 28
90; 36
91; 22
91; 51
91; 70
91; 83
91; 86
91; 87
91; 82
91; 76
91; 65
90; 80
91; 52
91; 41
91; 35
90; 28
89; 25
91; 19
90; 25
90; 21
91; 28
90; 23
90; 19
90; 19
91; 20
90; 21
90; 18
90; 16
90; 12
90; 11
90; 10
90; 10
90; 11
90; 10
90; 14
90; 17
90; 17
90; 14
90; 15
90; 22
90; 32
90; 47
90; 63
90; 77
90; 37
90; 82
90; 84
90; 79
90; 70
90; 61
90; 52
90; 40
90; 30
90; 24
90; 23
90; 19
90; 20
90; 22
90; 23
90; 24
90; 16
90; 25
90; 13
90; 13
89; 15
90; 12
89; 10
89; 7
89; 6
89; 6
89; 6
88; 7
89; 6
90; 6
89; 7
89; 16
89; 24
89; 36
90; 53
88; 73
90; 86
89; 83
89; 80
89; 73
90; 64
90; 71
89; 37
89; 50
90; 27
89; 20
89; 17
89; 10
89; 9
89; 11
88; 12
89; 11
90; 10
89; 10
89; 8
88; 6
89; 6
89; 7
89; 6
89; 6
88; 6
89; 6
89; 6
88; 6
89; 6
88; 6
88; 6
89; 14
88; 29
89; 49
89; 64
89; 79
89; 85
89; 82
87; 76
89; 75
88; 73
88; 63
88; 50
89; 42
89; 38
87; 26
89; 34
89; 20
87; 16
88; 13
88; 14
88; 9
88; 6
88; 6
88; 6
88; 6
86; 6
88; 6
87; 6
88; 6
88; 6
88; 6
88; 6
87; 6
88; 6
88; 9
88; 9
88; 15
88; 30
87; 50
88; 81
89; 68
89; 87
88; 89
88; 88
88; 84
88; 77
88; 60
87; 69
87; 53
88; 48
88; 41
87; 32
88; 25
87; 22
87; 22
87; 17
88; 13
87; 20
87; 13
87; 14
88; 10
87; 8
88; 6
87; 6
86; 6
87; 6
88; 6
87; 6
86; 11
87; 6
87; 7
87; 6
87; 11
87; 19
87; 36
87; 52
87; 70
86; 82
87; 89
88; 88
87; 86
87; 76
87; 69
88; 60
87; 53
86; 44
88; 30
87; 21
87; 20
87; 18
87; 20
87; 13
86; 10
87; 8
87; 11
87; 9
87; 6
87; 6
87; 6
86; 6
86; 6
87; 6
86; 6
85; 6
87; 6
85; 6
86; 6
86; 6
86; 8
86; 22
87; 36
87; 53
87; 72
86; 85
87; 91
87; 87
85; 81
87; 73
87; 69
86; 62
86; 52
86; 40
86; 36
86; 28
85; 26
87; 23
85; 18
86; 12
86; 11
86; 6
86; 13
86; 6
86; 6
86; 6
85; 6
85; 6
85; 6
86; 6
86; 6
86; 6
86; 6
85; 6
84; 6
86; 6
86; 6
86; 6
86; 8
84; 23
86; 45
87; 67
86; 78
86; 83
86; 85
86; 91
86; 92
84; 84
86; 76
85; 66
86; 60
86; 53
85; 42
86; 27
84; 26
85; 24
86; 26
85; 23
85; 21
85; 20
86; 20
86; 14
84; 10
85; 6
85; 6
84; 6
86; 6
85; 6
85; 6
85; 6
85; 6
85; 6
84; 6
85; 6
85; 7
85; 8
85; 6
85; 13
84; 27
86; 49
85; 70
85; 85
85; 93
85; 96
85; 96
86; 94
84; 90
86; 80
85; 56
85; 50
85; 68
85; 43
85; 36
85; 27
83; 26
84; 23
85; 23
84; 11
85; 17
84; 12
84; 26
85; 11
84; 6
84; 6
83; 6
84; 6
84; 6
84; 6
84; 6
84; 6
84; 6
84; 6
83; 6
84; 6
85; 6
84; 12
85; 32
83; 56
85; 71
84; 77
84; 80
84; 82
84; 73
85; 65
83; 55
84; 61
85; 48
83; 35
84; 25
84; 19
84; 15
84; 15
83; 13
84; 7
84; 6
84; 8
84; 10
83; 7
84; 6
83; 6
83; 6
84; 6
83; 6
82; 6
84; 6
83; 6
83; 6
83; 6
83; 6
84; 6
84; 9
83; 6
84; 23
83; 36
84; 55
84; 77
82; 88
84; 87
83; 83
84; 80
83; 76
83; 72
84; 67
83; 57
82; 46
83; 37
83; 32
84; 41
83; 25
83; 18
84; 20
82; 23
83; 21
83; 15
83; 11
83; 10
83; 6
83; 10
83; 6
83; 6
83; 6
84; 6
82; 6
82; 6
83; 6
83; 6
82; 6
82; 7
82; 6
83; 11
83; 25
82; 50
83; 71
83; 83
83; 95
82; 102
83; 103
83; 98
83; 91
83; 82
83; 67
83; 60
82; 74
81; 47
83; 38
82; 34
82; 35
82; 33
82; 23
83; 20
82; 21
82; 20
83; 12
82; 6
82; 6
82; 6
82; 6
82; 6
82; 6
82; 6
82; 6
81; 6
83; 6
82; 6
82; 6
82; 6
82; 6
82; 6
82; 16
82; 36
82; 62
82; 79
82; 87
82; 86
81; 82
83; 82
82; 76
82; 62
82; 49
82; 38
80; 22
82; 33
81; 28
82; 13
82; 8
82; 12
82; 13
82; 10
81; 6
82; 6
82; 8
81; 6
80; 6
82; 6
81; 6
81; 6
81; 6
81; 6
82; 6
80; 6
81; 6
82; 6
81; 6
81; 6
80; 30
81; 9
81; 51
81; 67
82; 76
81; 86
81; 83
82; 85
82; 78
81; 73
81; 67
81; 60
81; 49
81; 40
81; 36
81; 29
79; 18
81; 22
81; 17
80; 10
80; 8
81; 6
81; 8
80; 6
81; 6
81; 6
81; 6
79; 6
81; 6
80; 6
81; 6
80; 6
80; 6
81; 6
81; 6
81; 6
81; 6
80; 6
80; 6
80; 6
79; 24
81; 51
80; 74
81; 84
81; 88
81; 86
81; 85
79; 73
81; 80
81; 69
80; 62
80; 54
80; 41
80; 46
81; 39
79; 31
79; 33
81; 30
80; 29
80; 31
80; 27
80; 24
81; 21
79; 18
79; 12
80; 8
79; 6
80; 6
80; 6
79; 6
80; 6
79; 6
80; 6
79; 6
80; 6
78; 6
79; 6
80; 11
79; 12
78; 18
80; 30
79; 50
80; 69
79; 81
80; 86
80; 90
79; 89
79; 87
81; 81
80; 71
79; 61
80; 56
80; 44
79; 52
78; 38
79; 33
80; 30
79; 30
79; 27
79; 22
79; 21
80; 18
78; 9
79; 14
79; 6
77; 6
80; 6
79; 6
79; 6
79; 6
79; 6
79; 6
79; 6
79; 6
79; 6
78; 6
79; 6
78; 15
79; 6
79; 30
79; 51
79; 68
79; 76
79; 83
79; 78
79; 83
78; 69
80; 61
78; 53
79; 46
79; 37
79; 30
79; 27
78; 26
77; 22
79; 21
78; 19
79; 22
79; 21
78; 16
79; 13
78; 12
79; 9
78; 6
77; 6
78; 6
78; 6
78; 6
78; 6
78; 6
79; 6
78; 6
79; 6
78; 6
78; 6
78; 19
79; 42
77; 66
79; 82
78; 92
78; 91
78; 91
78; 85
79; 77
78; 68
77; 60
79; 54
78; 45
78; 37
78; 33
78; 32
79; 30
77; 29
78; 28
78; 25
78; 18
78; 16
78; 17
78; 15
78; 6
78; 6
78; 9
77; 6
78; 6
78; 6
77; 6
78; 6
77; 6
77; 6
77; 6
78; 6
76; 6
78; 8
77; 22
78; 44
78; 65
77; 79
77; 87
77; 89
78; 85
78; 80
78; 77
78; 74
77; 66
76; 56
78; 51
77; 44
77; 42
77; 33
78; 32
77; 36
77; 33
76; 33
78; 31
76; 29
77; 27
77; 23
77; 17
77; 8
77; 6
77; 6
77; 6
78; 6
76; 6
76; 6
77; 6
77; 6
77; 6
77; 6
76; 6
77; 6
78; 6
77; 6
77; 19
77; 35
76; 52
77; 67
76; 81
77; 83
77; 78
77; 76
78; 77
76; 70
76; 61
78; 54
76; 44
76; 48
77; 41
76; 34
77; 31
76; 31
76; 33
77; 32
76; 28
76; 25
76; 20
76; 19
77; 16
75; 9
77; 6
76; 6
76; 6
77; 6
76; 6
76; 6
76; 6
76; 6
75; 6
76; 6
75; 6
76; 6
76; 6
76; 11
75; 23
75; 40
77; 59
76; 73
76; 81
76; 81
76; 77
76; 73
74; 68
77; 62
75; 52
76; 44
76; 37
76; 33
76; 26
76; 19
76; 21
76; 20
76; 17
76; 22
76; 22
76; 19
75; 13
76; 10
75; 10
75; 6
75; 6
75; 6
75; 6
75; 6
75; 6
75; 6
75; 6
75; 6
75; 6
75; 6
75; 6
75; 6
75; 7
75; 24
75; 45
75; 64
75; 81
76; 93
75; 99
75; 92
75; 86
75; 82
75; 80
75; 73
75; 62
75; 45
75; 53
75; 49
75; 46
75; 44
75; 37
75; 37
75; 38
75; 36
75; 30
75; 22
75; 16
74; 17
75; 15
74; 6
74; 6
74; 6
75; 6
75; 6
74; 6
74; 6
75; 6
73; 6
74; 6
74; 6
74; 6
74; 6
74; 17
73; 36
76; 60
74; 77
75; 85
75; 88
75; 91
75; 86
74; 80
74; 76
75; 69
75; 61
74; 55
74; 48
74; 45
73; 46
75; 46
75; 41
74; 38
74; 37
75; 38
74; 37
74; 28
73; 21
74; 23
75; 21
74; 16
74; 11
74; 6
74; 6
74; 6
74; 6
74; 6
74; 6
73; 6
72; 6
74; 15
74; 8
75; 32
75; 6
73; 56
74; 72
74; 83
75; 88
74; 86
74; 87
74; 85
74; 76
73; 67
75; 59
75; 48
73; 52
74; 39
73; 36
74; 37
73; 39
73; 35
74; 32
74; 39
74; 29
74; 27
73; 24
72; 14
74; 22
74; 8
72; 6
74; 7
74; 6
73; 6
73; 6
73; 6
73; 6
73; 6
72; 6
73; 6
74; 6
73; 29
73; 44
74; 56
73; 67
74; 76
73; 78
73; 73
73; 67
73; 63
74; 62
72; 54
73; 46
74; 36
73; 35
73; 38
73; 38
73; 35
73; 31
72; 29
73; 32
72; 33
73; 26
73; 17
73; 12
73; 12
73; 6
73; 9
73; 6
73; 6
72; 6
73; 6
73; 6
72; 6
73; 6
73; 6
73; 6
71; 6
73; 15
73; 38
73; 61
73; 75
72; 80
73; 81
73; 78
73; 75
73; 71
72; 64
72; 55
73; 53
72; 55
71; 54
72; 42
73; 49
71; 44
72; 44
72; 44
72; 40
72; 39
72; 36
72; 26
73; 33
73; 18
72; 15
72; 8
72; 6
72; 6
72; 6
72; 6
71; 6
71; 6
72; 6
72; 6
72; 6
72; 6
72; 13
71; 6
72; 6
72; 32
72; 48
73; 69
72; 79
72; 80
73; 77
72; 77
72; 73
72; 68
72; 64
72; 54
71; 48
72; 47
73; 48
72; 43
72; 47
72; 49
72; 48
72; 47
70; 46
72; 40
71; 36
72; 35
72; 32
71; 25
72; 15
72; 10
72; 6
72; 6
70; 6
71; 6
71; 6
72; 6
71; 6
71; 6
71; 6
71; 6
71; 9
71; 34
71; 49
71; 62
72; 72
71; 77
71; 74
70; 68
71; 56
72; 63
71; 49
71; 44
72; 36
70; 31
72; 29
70; 31
71; 33
71; 34
71; 28
71; 28
71; 31
69; 24
70; 17
72; 17
71; 15
71; 12
71; 9
71; 6
70; 6
71; 6
71; 6
70; 6
69; 6
71; 6
70; 6
71; 6
70; 6
71; 6
71; 13
70; 38
71; 58
71; 73
71; 81
71; 81
71; 76
72; 73
72; 68
69; 62
71; 52
71; 44
71; 41
70; 36
70; 30
69; 32
71; 33
71; 33
70; 32
70; 26
71; 25
71; 25
69; 25
71; 20
71; 12
71; 9
71; 6
70; 6
70; 6
70; 6
70; 6
70; 6
70; 6
69; 6
70; 6
71; 6
70; 6
70; 6
69; 11
71; 33
70; 50
70; 66
70; 83
71; 91
70; 92
70; 83
70; 74
71; 70
70; 66
70; 56
71; 46
70; 42
70; 41
69; 38
70; 36
70; 33
70; 33
70; 33
70; 38
70; 34
70; 31
68; 27
68; 31
69; 24
69; 13
69; 9
70; 7
70; 6
69; 6
70; 6
70; 6
68; 6
70; 6
69; 6
69; 6
69; 6
69; 6
69; 6
70; 19
70; 38
69; 56
70; 70
70; 83
69; 87
70; 81
70; 75
70; 74
69; 70
69; 64
69; 54
69; 48
70; 49
69; 46
69; 41
69; 42
70; 40
69; 40
69; 38
69; 33
70; 30
68; 26
69; 21
69; 17
69; 16
69; 10
68; 6
69; 6
69; 6
69; 6
69; 6
68; 6
68; 6
68; 6
69; 6
68; 6
69; 30
69; 8
69; 67
69; 52
69; 73
69; 71
69; 70
70; 72
68; 66
68; 58
69; 47
68; 42
68; 53
69; 38
69; 36
69; 33
67; 33
69; 37
67; 38
69; 37
69; 28
68; 26
68; 27
69; 22
69; 14
69; 9
69; 6
69; 6
68; 6
68; 6
68; 6
68; 6
68; 6
68; 6
68; 6
68; 6
68; 6
68; 6
68; 24
68; 41
68; 57
69; 69
68; 81
68; 80
68; 74
68; 70
68; 63
67; 63
69; 62
68; 54
68; 52
68; 49
68; 50
68; 46
69; 49
66; 44
69; 43
67; 47
68; 40
68; 34
68; 26
68; 23
69; 24
68; 20
68; 12
68; 6
66; 6
68; 6
68; 6
67; 6
67; 6
68; 6
68; 6
67; 6
68; 6
67; 6
68; 6
68; 22
66; 44
66; 56
68; 64
68; 70
68; 74
67; 69
68; 62
68; 55
67; 49
66; 46
68; 42
68; 35
68; 30
67; 32
68; 34
68; 34
67; 33
68; 32
68; 33
68; 32
67; 26
67; 16
67; 10
67; 11
67; 10
67; 6
66; 6
67; 6
68; 6
67; 6
67; 6
67; 6
67; 6
67; 6
66; 6
67; 14
67; 33
68; 62
67; 48
66; 70
66; 66
68; 60
67; 58
67; 57
67; 56
67; 52
67; 44
66; 43
67; 41
67; 39
67; 38
67; 40
67; 41
67; 39
67; 42
65; 40
66; 27
66; 34
66; 19
66; 13
66; 7
66; 6
66; 6
67; 6
66; 6
65; 6
67; 6
66; 6
66; 6
66; 6
66; 6
66; 6
66; 19
67; 40
67; 59
66; 70
67; 72
67; 70
66; 67
65; 66
65; 64
66; 54
66; 60
66; 51
67; 50
67; 48
66; 45
66; 40
66; 40
66; 45
67; 45
66; 39
66; 33
65; 31
65; 32
66; 26
66; 14
66; 8
66; 6
67; 6
66; 6
66; 6
66; 6
66; 6
66; 6
65; 6
67; 6
66; 6
66; 6
64; 18
66; 6
66; 37
67; 53
66; 68
66; 75
66; 75
66; 72
65; 67
67; 63
65; 64
67; 60
65; 55
65; 48
66; 45
66; 46
65; 43
66; 39
65; 37
66; 37
65; 39
66; 39
66; 34
66; 25
64; 24
66; 22
64; 6
65; 16
66; 6
65; 6
65; 6
65; 6
65; 6
65; 6
64; 6
65; 6
65; 6
65; 6
65; 6
65; 6
65; 6
65; 12
65; 27
65; 45
66; 59
66; 70
66; 68
66; 63
66; 68
65; 62
66; 63
65; 55
65; 51
65; 45
66; 45
66; 44
66; 43
64; 45
65; 45
65; 44
65; 46
65; 41
65; 46
65; 32
65; 27
65; 24
65; 23
63; 15
65; 8
65; 6
65; 6
65; 6
65; 6
63; 6
64; 6
64; 6
65; 6
64; 6
64; 6
65; 11
66; 32
64; 47
64; 55
65; 67
64; 60
65; 73
64; 66
65; 61
65; 58
65; 53
65; 50
64; 43
65; 36
65; 33
63; 35
64; 38
65; 38
64; 37
64; 34
65; 34
65; 34
64; 30
63; 24
64; 19
64; 14
64; 11
65; 6
64; 6
64; 6
64; 6
64; 6
64; 6
63; 6
64; 6
64; 6
64; 6
64; 15
64; 29
63; 43
64; 57
64; 63
64; 62
64; 60
65; 56
65; 52
63; 50
64; 46
64; 37
64; 36
64; 39
64; 41
64; 37
63; 40
63; 37
65; 39
64; 38
64; 34
64; 32
64; 30
63; 25
63; 22
62; 18
64; 13
65; 6
64; 9
64; 6
63; 6
63; 6
63; 6
63; 6
64; 6
63; 6
63; 6
64; 15
64; 31
64; 46
64; 57
64; 58
63; 61
63; 64
64; 59
64; 54
63; 47
64; 41
64; 38
64; 42
63; 39
63; 33
63; 33
63; 31
63; 35
63; 36
63; 32
63; 32
63; 30
63; 29
63; 26
63; 21
64; 18
63; 16
63; 14
63; 10
63; 6
63; 6
63; 6
63; 6
63; 6
63; 6
63; 6
63; 11
63; 22
63; 6
63; 33
63; 48
63; 60
63; 65
63; 62
63; 64
63; 55
63; 58
63; 55
63; 50
63; 43
63; 41
63; 39
63; 39
63; 40
63; 36
63; 36
61; 35
63; 36
63; 32
63; 27
63; 28
63; 30
63; 29
63; 21
61; 15
63; 10
62; 9
62; 8
63; 6
63; 6
63; 7
63; 11
62; 12
63; 11
62; 13
62; 23
63; 39
63; 55
62; 64
62; 66
62; 67
62; 70
62; 63
62; 58
62; 52
62; 49
62; 44
61; 45
63; 43
62; 39
63; 35
62; 38
62; 41
62; 40
62; 36
62; 32
63; 31
62; 29
63; 29
62; 23
63; 18
62; 19
62; 11
62; 17
63; 6
62; 6
62; 6
61; 6
62; 6
63; 6
62; 6
63; 8
62; 27
61; 38
63; 44
61; 50
62; 52
62; 48
62; 43
62; 40
61; 35
61; 32
62; 32
62; 32
62; 31
62; 34
62; 29
62; 34
61; 30
62; 28
61; 30
62; 29
61; 27
62; 24
62; 25
61; 25
61; 24
62; 19
61; 11
61; 6
61; 6
61; 7
61; 6
61; 6
61; 6
62; 6
60; 6
61; 6
61; 8
61; 22
61; 35
61; 46
61; 57
62; 57
61; 55
61; 54
61; 51
61; 49
62; 46
60; 42
62; 41
62; 41
61; 41
61; 38
61; 36
61; 33
61; 34
61; 33
60; 38
61; 28
62; 24
61; 28
61; 25
60; 14
61; 17
61; 19
62; 12
61; 9
61; 6
61; 6
61; 6
61; 6
61; 6
61; 6
61; 6
60; 6
61; 6
61; 15
61; 27
61; 38
61; 57
61; 48
62; 56
60; 54
61; 53
61; 51
61; 53
61; 49
61; 46
61; 46
61; 45
62; 42
61; 45
61; 41
61; 39
61; 40
60; 41
61; 35
60; 28
60; 27
61; 24
60; 23
61; 21
61; 12
60; 6
61; 6
60; 6
60; 6
61; 6
60; 6
60; 6
60; 6
60; 6
61; 6
59; 6
60; 6
61; 6
60; 10
61; 20
60; 34
60; 48
61; 60
60; 66
60; 67
61; 62
60; 67
61; 58
59; 57
60; 53
60; 47
60; 42
60; 41
60; 37
60; 37
60; 39
59; 41
61; 45
60; 49
60; 44
60; 37
60; 31
60; 32
60; 29
58; 22
61; 19
60; 16
60; 13
60; 10
59; 9
60; 8
59; 6
60; 6
60; 6
58; 6
60; 6
59; 6
60; 24
60; 40
59; 51
60; 61
60; 57
60; 63
60; 62
60; 55
60; 48
60; 41
58; 35
60; 35
59; 30
60; 30
59; 30
60; 26
60; 28
60; 25
59; 25
58; 25
60; 25
59; 23
59; 20
59; 16
59; 10
60; 6
59; 6
59; 6
58; 6
59; 6
59; 6
60; 6
59; 6
59; 6
59; 6
58; 6
58; 6
59; 6
59; 16
59; 30
60; 47
59; 54
58; 58
59; 56
59; 53
59; 52
59; 50
59; 45
60; 41
58; 37
59; 35
59; 37
60; 38
59; 34
59; 34
59; 40
59; 41
58; 37
59; 32
59; 31
59; 26
59; 32
59; 20
59; 10
59; 15
59; 6
59; 6
57; 6
59; 6
59; 6
59; 6
59; 6
59; 6
58; 6
59; 6
57; 6
58; 22
58; 35
59; 48
59; 55
57; 60
59; 61
59; 61
59; 62
59; 61
58; 58
59; 56
58; 50
57; 48
58; 44
59; 44
59; 45
58; 46
59; 45
59; 46
58; 46
57; 43
59; 39
58; 33
58; 29
58; 21
58; 27
57; 12
59; 16
58; 6
59; 6
57; 6
57; 6
59; 6
58; 6
58; 6
58; 6
58; 6
58; 6
57; 6
58; 18
58; 35
58; 48
59; 52
58; 56
57; 62
59; 63
58; 58
58; 52
58; 49
58; 45
58; 50
57; 40
58; 40
58; 38
58; 37
58; 36
58; 35
58; 34
58; 35
56; 36
58; 35
59; 31
58; 30
58; 28
58; 27
58; 26
56; 14
58; 19
58; 12
57; 16
57; 16
58; 10
58; 8
58; 10
57; 22
57; 32
59; 42
58; 59
58; 51
58; 66
58; 64
58; 59
57; 57
58; 55
58; 53
58; 48
57; 40
57; 34
58; 31
58; 33
56; 34
57; 33
56; 31
57; 29
57; 28
57; 26
57; 25
57; 21
57; 19
58; 19
57; 15
57; 6
57; 6
57; 6
57; 6
57; 6
57; 6
58; 6
56; 6
57; 15
58; 6
58; 35
57; 23
56; 45
57; 46
57; 49
57; 47
57; 41
57; 43
57; 43
57; 43
56; 39
58; 35
57; 43
57; 42
57; 37
57; 36
57; 33
58; 33
56; 36
57; 34
57; 31
57; 27
57; 25
57; 24
57; 19
57; 15
55; 11
57; 9
56; 10
57; 8
57; 6
57; 6
57; 6
57; 9
57; 19
57; 28
56; 34
57; 43
57; 52
57; 56
57; 52
56; 50
55; 48
57; 51
57; 45
57; 41
57; 39
56; 38
57; 42
57; 43
57; 43
57; 41
57; 40
57; 41
56; 40
57; 37
57; 36
55; 34
57; 36
57; 30
56; 21
56; 14
56; 12
57; 16
56; 17
55; 15
57; 14
56; 15
56; 17
56; 20
56; 15
56; 31
56; 44
56; 56
56; 63
57; 62
56; 61
56; 59
56; 59
57; 55
55; 53
56; 48
56; 43
56; 43
56; 39
56; 35
56; 33
57; 39
57; 45
56; 42
56; 36
56; 36
56; 35
57; 46
56; 32
56; 28
55; 22
57; 20
56; 23
56; 21
56; 20
56; 15
56; 9
55; 10
55; 12
56; 12
56; 27
56; 20
56; 39
56; 45
56; 47
56; 45
54; 38
56; 36
55; 34
56; 28
57; 21
56; 19
57; 20
56; 18
55; 14
56; 13
55; 13
55; 19
55; 14
56; 10
56; 6
55; 9
56; 8
56; 6
54; 6
56; 6
55; 6
55; 6
55; 6
55; 6
56; 6
55; 6
55; 6
56; 6
56; 6
56; 15
55; 25
56; 36
56; 44
55; 46
55; 44
55; 44
55; 47
56; 46
55; 40
55; 39
56; 38
55; 38
55; 34
55; 35
55; 34
55; 34
54; 36
55; 33
56; 31
55; 29
55; 29
55; 27
55; 21
55; 16
53; 14
55; 11
55; 11
55; 9
56; 6
55; 6
55; 6
55; 6
55; 6
55; 6
54; 6
55; 6
55; 22
55; 31
55; 41
55; 47
55; 53
56; 56
55; 56
55; 51
55; 49
55; 50
55; 50
53; 49
54; 46
55; 46
55; 52
55; 55
55; 52
55; 45
55; 43
53; 43
56; 43
54; 38
55; 35
55; 34
55; 35
55; 35
55; 32
55; 23
54; 26
54; 23
55; 23
55; 18
54; 13
54; 10
55; 13
53; 15
54; 14
54; 14
54; 22
54; 38
54; 50
55; 59
55; 61
53; 59
55; 59
55; 57
55; 50
54; 41
55; 44
55; 44
54; 42
55; 37
54; 37
53; 38
54; 46
54; 39
54; 45
55; 42
54; 38
54; 39
55; 39
55; 32
54; 26
54; 20
53; 10
55; 16
54; 17
54; 6
53; 6
52; 6
55; 6
54; 6
54; 6
54; 6
54; 6
54; 6
53; 15
54; 25
54; 36
55; 42
54; 40
54; 43
53; 39
55; 34
54; 31
54; 30
53; 27
54; 24
54; 26
53; 27
53; 29
55; 25
54; 26
54; 24
53; 24
54; 25
54; 22
52; 18
54; 13
53; 15
54; 13
53; 7
54; 6
54; 6
53; 6
54; 6
53; 6
52; 6
54; 6
53; 6
54; 6
53; 6
52; 9
54; 17
53; 28
53; 48
54; 41
53; 54
53; 54
53; 51
54; 53
53; 48
53; 39
53; 36
54; 36
53; 37
53; 37
53; 37
53; 37
53; 41
53; 38
53; 39
53; 30
53; 34
53; 29
53; 25
53; 15
53; 28
53; 10
53; 9
53; 8
53; 7
53; 6
53; 6
53; 6
53; 6
53; 6
53; 6
53; 6
53; 6
53; 9
53; 22
53; 45
53; 55
53; 36
53; 65
53; 62
53; 60
53; 57
53; 58
53; 58
53; 52
53; 46
53; 42
53; 42
53; 43
53; 42
52; 42
54; 44
53; 43
53; 39
53; 38
52; 42
53; 36
52; 35
53; 38
53; 24
53; 29
53; 19
53; 20
52; 19
52; 15
52; 8
53; 6
53; 6
53; 6
52; 14
52; 6
53; 6
53; 27
52; 44
52; 53
53; 59
52; 62
52; 61
53; 63
52; 51
53; 48
52; 46
53; 42
53; 41
53; 39
52; 34
52; 32
53; 33
53; 34
51; 34
52; 32
52; 27
52; 26
53; 31
52; 29
53; 23
53; 29
53; 18
51; 16
52; 7
53; 13
52; 11
52; 6
52; 6
52; 6
52; 17
51; 8
51; 25
52; 38
52; 41
52; 41
52; 39
53; 41
51; 42
53; 37
52; 30
52; 24
52; 19
53; 22
52; 24
52; 27
50; 25
52; 28
52; 31
52; 27
52; 21
52; 23
52; 20
51; 22
52; 17
50; 9
50; 6
53; 6
52; 6
52; 6
52; 6
52; 6
52; 6
51; 6
52; 16
51; 25
52; 30
52; 40
52; 50
52; 45
50; 48
52; 43
51; 43
52; 46
52; 43
53; 40
52; 41
50; 42
51; 34
53; 40
52; 34
51; 33
51; 33
52; 33
50; 32
50; 28
52; 25
51; 25
51; 26
51; 22
51; 15
50; 15
52; 12
51; 14
51; 9
52; 18
51; 12
51; 21
52; 32
52; 39
50; 41
52; 42
51; 45
51; 47
51; 45
51; 43
51; 41
52; 40
50; 41
52; 40
51; 38
51; 41
51; 43
51; 45
51; 43
51; 43
50; 42
52; 44
51; 45
51; 39
51; 33
52; 27
51; 20
51; 14
50; 11
52; 11
51; 10
52; 10
51; 8
51; 7
52; 16
50; 25
52; 49
50; 37
51; 54
51; 55
51; 53
51; 49
52; 49
50; 47
51; 43
51; 37
51; 37
51; 34
51; 38
51; 33
51; 34
51; 35
49; 34
50; 38
51; 38
51; 38
51; 33
52; 35
51; 33
51; 25
52; 18
50; 10
50; 6
51; 8
51; 6
51; 6
51; 6
50; 14
52; 18
51; 36
51; 44
50; 26
51; 49
51; 45
50; 40
51; 39
51; 36
50; 35
51; 35
50; 29
51; 25
51; 22
49; 22
51; 21
50; 20
51; 20
50; 19
50; 21
51; 20
50; 15
49; 11
51; 7
49; 6
51; 6
50; 6
50; 6
51; 6
50; 6
50; 6
50; 6
50; 13
50; 24
50; 37
50; 44
49; 40
51; 43
51; 34
50; 34
50; 31
50; 24
50; 20
50; 18
51; 19
49; 16
50; 19
51; 16
49; 19
50; 21
50; 20
50; 18
50; 14
49; 16
50; 17
50; 16
50; 11
50; 6
50; 6
50; 6
50; 6
49; 6
50; 6
49; 6
50; 6
50; 13
50; 25
50; 32
48; 47
49; 46
50; 40
49; 43
50; 39
50; 39
50; 39
50; 38
50; 33
49; 37
51; 33
49; 36
49; 35
50; 33
50; 34
50; 35
49; 36
50; 33
49; 28
49; 28
49; 27
49; 24
49; 18
49; 13
48; 9
50; 11
49; 9
49; 8
49; 9
49; 6
49; 6
49; 18
48; 28
50; 37
49; 43
49; 47
49; 47
50; 46
50; 44
49; 43
48; 44
49; 47
49; 43
49; 33
49; 32
50; 35
50; 37
48; 36
49; 33
50; 31
49; 34
49; 33
49; 31
49; 24
49; 27
47; 23
50; 26
49; 20
49; 15
49; 13
49; 16
49; 13
48; 12
49; 14
50; 10
49; 9
49; 11
49; 22
49; 33
49; 15
49; 45
47; 53
50; 56
48; 54
49; 50
49; 48
49; 49
49; 47
49; 45
48; 38
50; 37
48; 38
49; 35
49; 34
49; 34
49; 34
47; 36
48; 36
49; 37
49; 34
48; 34
47; 34
49; 32
49; 27
47; 19
49; 15
49; 14
49; 17
49; 7
49; 8
49; 9
49; 9
49; 6
47; 8
48; 6
48; 6
48; 15
48; 25
49; 33
47; 48
49; 53
48; 40
48; 49
49; 43
48; 42
48; 39
49; 40
48; 36
49; 33
49; 33
48; 36
48; 39
48; 38
48; 37
49; 35
47; 35
49; 34
48; 29
48; 26
48; 22
48; 21
48; 16
48; 13
47; 8
49; 6
47; 6
48; 6
48; 6
48; 6
48; 6
48; 6
48; 6
48; 6
48; 8
48; 15
48; 26
48; 34
49; 41
48; 48
48; 43
49; 50
48; 48
48; 45
48; 41
49; 39
48; 39
47; 41
48; 36
48; 31
48; 32
48; 34
48; 33
48; 35
48; 28
47; 26
48; 27
49; 29
46; 28
48; 22
48; 17
48; 16
46; 10
48; 6
47; 18
47; 6
48; 6
48; 6
48; 6
47; 6
47; 6
48; 6
48; 14
48; 24
47; 33
48; 47
48; 40
48; 54
47; 51
49; 37
46; 44
47; 33
48; 31
47; 31
48; 25
47; 27
47; 29
48; 29
47; 28
47; 25
47; 27
47; 29
47; 30
47; 33
47; 31
48; 29
47; 27
47; 29
47; 25
47; 19
47; 16
47; 16
47; 14
47; 10
46; 6
47; 6
48; 6
47; 12
47; 18
47; 27
46; 36
48; 45
47; 48
48; 44
47; 39
47; 37
47; 35
47; 35
47; 36
48; 29
47; 27
47; 30
47; 30
47; 30
47; 27
46; 26
47; 27
46; 22
47; 28
48; 30
46; 21
47; 22
47; 24
45; 19
47; 13
45; 8
47; 7
47; 7
46; 6
47; 9
47; 6
46; 8
47; 15
47; 31
47; 24
47; 39
47; 45
47; 47
47; 48
45; 42
45; 42
47; 38
47; 43
46; 39
47; 37
47; 35
46; 35
45; 36
47; 34
46; 35
46; 35
46; 31
46; 30
47; 30
46; 28
45; 24
47; 22
46; 22
46; 21
47; 17
46; 19
46; 12
45; 12
44; 10
46; 10
46; 12
46; 28
47; 39
46; 18
46; 45
45; 47
47; 49
46; 52
46; 43
46; 47
46; 41
47; 41
46; 41
45; 41
47; 40
46; 38
46; 35
46; 34
46; 33
46; 33
46; 35
47; 39
47; 38
46; 36
46; 36
46; 34
46; 35
46; 31
45; 24
44; 23
46; 23
46; 27
46; 26
46; 21
46; 17
46; 15
44; 23
46; 35
46; 49
45; 45
46; 52
46; 57
46; 56
46; 53
45; 47
46; 41
45; 41
46; 41
46; 39
46; 39
46; 35
45; 37
45; 38
46; 38
46; 37
46; 37
46; 38
46; 40
44; 31
46; 37
46; 28
46; 28
45; 18
45; 17
45; 12
46; 22
46; 11
46; 10
44; 10
45; 20
46; 16
46; 29
45; 37
46; 39
46; 40
45; 37
45; 34
46; 33
45; 27
45; 30
45; 25
46; 25
46; 28
44; 26
46; 23
46; 24
45; 27
45; 27
45; 22
45; 29
45; 19
44; 19
46; 18
45; 17
46; 15
45; 13
45; 12
45; 12
44; 8
44; 6
45; 6
44; 6
45; 11
46; 6
45; 19
46; 28
45; 37
45; 35
45; 35
45; 34
45; 32
45; 32
45; 30
45; 28
46; 28
45; 31
45; 33
45; 35
45; 35
45; 35
45; 31
46; 34
44; 34
46; 32
44; 31
45; 29
45; 28
45; 26
45; 32
44; 21
44; 18
45; 19
46; 19
44; 19
45; 17
45; 17
45; 25
45; 35
45; 39
46; 48
45; 57
45; 58
45; 52
45; 51
45; 50
45; 48
43; 50
44; 44
44; 40
44; 38
45; 39
45; 40
44; 37
43; 41
45; 36
44; 36
45; 41
44; 44
45; 44
45; 42
44; 43
44; 41
45; 33
44; 29
44; 35
44; 22
44; 19
44; 15
44; 18
45; 14
44; 24
44; 33
44; 34
44; 30
45; 30
44; 28
44; 29
44; 23
44; 16
44; 9
44; 8
44; 12
44; 11
44; 12
44; 12
44; 18
44; 25
44; 26
44; 25
44; 21
44; 20
44; 21
44; 20
44; 15
44; 14
44; 14
44; 13
44; 13
44; 9
44; 7
44; 8
44; 14
44; 20
44; 30
44; 37
44; 42
44; 45
44; 45
45; 36
43; 38
44; 34
44; 32
44; 33
44; 32
44; 31
44; 30
43; 31
44; 31
44; 29
44; 31
44; 38
44; 46
45; 50
42; 49
44; 48
43; 46
44; 47
44; 42
43; 34
44; 30
44; 32
42; 32
45; 27
43; 19
44; 20
44; 31
44; 41
44; 47
43; 50
43; 47
45; 54
43; 58
44; 56
44; 52
44; 48
44; 44
44; 44
43; 44
44; 40
44; 38
43; 35
44; 35
44; 35
44; 27
44; 24
42; 24
43; 23
43; 20
43; 17
44; 15
43; 10
44; 8
43; 6
43; 6
43; 6
42; 6
44; 6
43; 6
43; 6
44; 13
42; 22
44; 28
44; 29
43; 28
43; 27
43; 24
43; 26
43; 19
42; 15
44; 15
43; 19
43; 21
43; 23
43; 22
43; 24
43; 24
42; 24
42; 21
42; 19
43; 16
43; 15
43; 14
43; 11
43; 6
43; 6
43; 6
42; 6
43; 6
43; 6
43; 6
43; 6
43; 12
43; 26
43; 21
43; 32
43; 39
43; 44
43; 41
43; 37
41; 34
43; 35
43; 37
43; 36
43; 33
43; 34
43; 33
42; 35
41; 32
44; 31
43; 34
43; 34
43; 30
43; 29
43; 26
42; 25
42; 25
43; 26
42; 19
42; 16
42; 17
43; 17
43; 16
41; 13
42; 14
43; 13
43; 14
42; 23
43; 31
43; 37
42; 39
41; 40
43; 44
41; 41
42; 35
42; 32
42; 32
42; 34
42; 34
43; 34
43; 33
42; 33
42; 36
42; 38
42; 37
42; 31
43; 32
41; 37
43; 34
42; 29
42; 25
42; 27
42; 31
43; 29
42; 22
42; 17
42; 22
42; 18
42; 21
42; 19
42; 14
43; 17
42; 17
42; 21
42; 32
42; 43
42; 50
43; 27
42; 49
43; 48
41; 42
43; 41
42; 41
42; 40
42; 34
42; 33
42; 34
42; 34
41; 34
43; 33
41; 31
42; 30
42; 36
42; 35
42; 33
42; 30
41; 31
43; 30
42; 25
42; 22
42; 17
42; 15
42; 19
40; 17
41; 17
42; 15
42; 16
42; 21
42; 22
42; 20
40; 29
42; 22
42; 40
42; 45
42; 48
41; 48
42; 47
42; 44
42; 41
42; 34
40; 38
41; 33
42; 33
42; 33
42; 31
42; 29
41; 31
42; 33
41; 31
42; 30
41; 27
42; 28
41; 26
42; 27
40; 25
42; 25
42; 22
41; 17
41; 15
41; 11
42; 8
42; 12
41; 8
40; 14
42; 10
42; 12
41; 18
41; 25
42; 30
42; 36
41; 37
41; 40
42; 43
41; 31
41; 37
41; 30
42; 34
42; 32
40; 33
42; 32
41; 29
42; 29
41; 29
41; 29
41; 28
41; 27
40; 27
41; 25
42; 29
41; 25
41; 26
41; 28
41; 31
41; 27
40; 25
42; 25
40; 25
41; 26
41; 25
41; 22
41; 22
42; 23
40; 21
42; 25
41; 29
41; 37
41; 45
41; 50
41; 47
40; 46
41; 43
41; 40
41; 41
41; 38
41; 36
41; 34
41; 34
40; 35
42; 34
41; 28
41; 26
41; 29
41; 34
41; 33
40; 30
39; 28
42; 28
41; 28
41; 28
41; 23
41; 25
41; 20
40; 20
41; 20
41; 13
41; 6
40; 6
40; 11
41; 14
41; 13
39; 13
41; 15
41; 23
41; 26
40; 33
40; 37
41; 41
41; 44
39; 43
41; 40
40; 35
41; 37
41; 34
40; 37
40; 33
41; 29
40; 31
41; 33
41; 33
40; 33
40; 31
40; 31
40; 34
40; 30
39; 25
41; 24
41; 25
40; 26
41; 22
40; 17
41; 11
40; 8
39; 10
41; 8
39; 6
41; 6
40; 12
40; 16
40; 12
39; 12
40; 15
