15; 28
11; 22
11; 25
11; 24
11; 23
11; 23
11; 25
11; 27
11; 26
11; 25
11; 25
11; 26
11; 28
11; 27
11; 25
11; 25
11; 26
11; 28
11; 27
11; 26
11; 25
11; 26
11; 28
11; 27
11; 26
11; 26
11; 26
11; 29
11; 27
11; 26
11; 25
11; 26
11; 28
11; 28
11; 26
11; 26
11; 26
11; 28
11; 28
11; 26
11; 25
11; 26
11; 28
11; 28
11; 27
11; 25
11; 27
11; 28
11; 28
11; 27
11; 26
11; 26
11; 26
11; 26
11; 26
11; 28
11; 28
11; 26
11; 25
11; 26
11; 28
11; 29
11; 27
11; 26
11; 26
11; 28
11; 28
11; 27
11; 26
11; 26
11; 28
11; 28
11; 27
11; 26
11; 26
11; 28
11; 29
11; 27
11; 26
11; 26
11; 28
11; 28
11; 27
11; 26
11; 26
11; 29
11; 29
11; 27
11; 26
11; 26
11; 28
11; 28
11; 27
11; 26
11; 26
11; 28
11; 29
11; 27
11; 26
11; 26
11; 28
10; 29
11; 27
11; 26
11; 26
11; 27
11; 29
11; 27
11; 26
11; 26
11; 28
11; 29
11; 27
11; 26
11; 26
11; 27
11; 29
11; 27
11; 26
11; 26
11; 27
11; 28
11; 28
11; 26
11; 25
11; 27
11; 28
11; 27
11; 25
11; 26
11; 28
11; 27
11; 27
11; 26
11; 26
11; 27
11; 28
11; 27
11; 26
11; 25
11; 27
11; 28
11; 27
11; 26
11; 26
11; 27
11; 28
11; 27
11; 26
11; 25
11; 27
11; 28
11; 27
11; 27
11; 25
11; 27
11; 29
11; 27
11; 27
11; 26
11; 26
11; 28
11; 28
11; 27
11; 26
11; 27
11; 29
11; 28
11; 26
11; 26
11; 26
11; 28
11; 28
11; 26
11; 25
11; 26
11; 29
11; 28
11; 26
11; 26
11; 26
11; 28
11; 28
11; 26
11; 26
11; 26
11; 28
11; 28
11; 27
11; 26
11; 26
11; 28
11; 28
11; 26
11; 25
11; 26
11; 28
11; 28
11; 26
11; 26
11; 26
11; 28
11; 28
11; 27
11; 26
11; 26
11; 28
11; 28
11; 26
11; 26
11; 26
11; 28
11; 28
11; 26
11; 26
11; 26
11; 28
11; 28
11; 27
11; 26
11; 26
11; 28
11; 28
11; 27
11; 26
11; 26
11; 28
11; 28
11; 27
11; 26
11; 26
11; 27
11; 28
11; 27
11; 26
11; 26
11; 28
11; 28
11; 27
11; 26
11; 26
11; 27
11; 28
11; 27
11; 26
11; 26
11; 27
11; 29
11; 27
11; 26
11; 26
11; 27
11; 28
11; 27
11; 26
11; 26
11; 27
11; 28
11; 27
11; 26
11; 25
11; 27
11; 29
11; 27
11; 26
11; 26
11; 28
11; 29
11; 27
11; 26
11; 25
11; 27
11; 29
11; 27
11; 26
11; 26
11; 27
11; 29
11; 28
11; 26
11; 25
11; 27
11; 28
11; 27
11; 26
11; 25
11; 27
11; 29
11; 28
11; 26
11; 26
11; 27
11; 28
11; 28
11; 26
11; 26
11; 26
11; 29
11; 28
11; 26
11; 26
11; 26
11; 29
11; 28
11; 26
11; 25
11; 26
11; 28
11; 28
11; 26
11; 25
11; 26
11; 28
11; 28
11; 26
11; 26
11; 26
11; 28
11; 28
11; 26
11; 26
11; 26
11; 28
11; 28
11; 26
11; 26
11; 25
11; 28
11; 28
11; 26
11; 25
11; 26
11; 28
11; 28
11; 27
11; 25
11; 27
11; 28
11; 28
11; 26
11; 25
11; 26
11; 28
11; 28
11; 27
11; 26
11; 26
11; 28
11; 28
11; 26
11; 25
11; 26
11; 28
11; 29
11; 27
11; 26
11; 26
11; 28
11; 28
11; 26
11; 26
11; 26
11; 28
11; 28
11; 27
11; 26
11; 26
11; 27
11; 28
11; 26
11; 26
11; 26
11; 28
11; 29
11; 27
11; 26
11; 26
11; 27
11; 28
11; 27
11; 26
11; 26
11; 27
11; 29
11; 27
11; 26
11; 26
11; 28
11; 29
11; 27
11; 26
11; 25
11; 27
11; 28
11; 27
11; 26
11; 26
11; 27
11; 29
11; 28
11; 26
11; 26
11; 27
11; 28
11; 27
11; 26
11; 26
11; 27
11; 28
11; 27
11; 25
11; 25
11; 27
11; 28
11; 27
11; 26
11; 25
11; 28
11; 27
11; 27
11; 26
11; 25
11; 27
11; 28
11; 27
11; 26
11; 26
11; 27
11; 29
11; 28
11; 27
11; 28
11; 29
11; 26
11; 31
11; 32
11; 35
11; 35
11; 40
11; 38
11; 43
11; 46
11; 48
11; 56
11; 54
11; 64
13; 67
11; 68
11; 80
11; 76
11; 87
13; 59
11; 67
11; 60
11; 63
14; 75
11; 67
11; 91
12; 110
13; 105
11; 112
11; 113
11; 146
13; 157
12; 155
11; 177
11; 173
17; 189
11; 201
12; 201
11; 201
13; 201
16; 201
13; 201
11; 201
15; 201
16; 201
15; 201
11; 201
13; 201
17; 201
15; 201
11; 201
15; 201
15; 201
19; 201
11; 201
16; 201
16; 201
20; 201
12; 201
16; 201
19; 201
18; 201
11; 201
16; 201
20; 201
21; 201
11; 201
21; 201
20; 201
19; 201
13; 201
19; 201
25; 201
11; 201
20; 201
20; 201
22; 201
13; 201
22; 201
25; 201
20; 201
20; 201
22; 201
12; 201
17; 201
23; 201
24; 201
19; 201
19; 201
24; 201
27; 201
22; 201
22; 201
26; 201
21; 201
20; 201
25; 201
29; 201
24; 201
24; 201
27; 201
24; 201
19; 201
27; 201
31; 201
26; 201
30; 201
25; 201
27; 201
21; 201
27; 201
33; 201
27; 201
28; 201
30; 201
26; 201
27; 201
30; 201
32; 201
23; 201
31; 201
35; 201
24; 201
30; 201
33; 201
30; 201
28; 201
31; 201
36; 201
23; 201
34; 201
36; 201
30; 201
30; 201
34; 201
37; 201
27; 201
37; 201
38; 201
27; 201
35; 201
38; 201
35; 201
32; 201
39; 201
31; 201
35; 201
37; 201
41; 201
30; 201
38; 201
41; 201
33; 201
38; 201
39; 201
39; 201
34; 201
38; 201
44; 201
30; 201
42; 201
44; 201
32; 201
41; 201
43; 201
40; 201
40; 201
43; 201
38; 201
40; 201
43; 201
37; 201
43; 201
43; 201
46; 201
46; 201
36; 201
45; 165
37; 201
45; 179
47; 172
38; 154
45; 201
36; 180
51; 153
48; 201
50; 153
46; 187
38; 194
52; 196
43; 151
47; 201
52; 165
38; 137
49; 175
51; 112
41; 130
48; 123
53; 130
46; 78
49; 144
54; 110
40; 105
50; 157
54; 95
42; 123
51; 116
55; 124
51; 150
46; 82
57; 107
41; 114
55; 150
55; 84
45; 149
54; 136
57; 150
47; 161
52; 201
58; 152
47; 193
58; 181
51; 118
52; 184
57; 124
54; 116
59; 138
56; 86
53; 120
56; 155
63; 116
60; 161
47; 121
61; 98
50; 174
60; 136
58; 138
56; 149
62; 171
59; 114
59; 178
65; 134
49; 144
64; 162
57; 90
57; 166
63; 108
55; 117
62; 129
65; 139
53; 99
63; 151
68; 53
56; 142
65; 134
56; 78
66; 79
63; 155
55; 127
65; 96
65; 86
61; 89
68; 111
61; 61
66; 141
70; 111
58; 158
69; 176
64; 116
67; 194
71; 114
58; 149
69; 118
67; 110
64; 109
71; 120
66; 57
68; 123
74; 68
62; 105
71; 99
59; 49
72; 116
73; 38
65; 121
73; 69
63; 83
72; 87
73; 80
67; 78
75; 104
70; 43
72; 107
77; 59
66; 107
76; 96
62; 61
76; 123
71; 126
71; 40
79; 55
67; 81
76; 57
75; 47
79; 53
73; 56
69; 36
77; 78
77; 19
76; 99
70; 133
82; 64
81; 133
68; 111
81; 155
78; 62
77; 145
81; 48
82; 67
72; 116
70; 68
81; 67
81; 58
76; 74
84; 78
73; 49
82; 100
82; 40
80; 110
87; 60
75; 93
86; 70
73; 42
86; 68
82; 77
77; 6
84; 6
80; 68
88; 6
76; 46
84; 20
81; 17
86; 40
86; 39
80; 49
89; 76
78; 45
85; 110
86; 66
86; 137
91; 103
80; 149
93; 168
92; 201
79; 173
82; 184
90; 201
90; 180
86; 201
93; 166
82; 200
93; 145
82; 143
92; 138
93; 119
89; 131
92; 116
86; 91
94; 120
88; 62
91; 115
92; 52
98; 46
93; 95
85; 74
99; 46
85; 24
84; 6
95; 42
97; 46
91; 6
93; 32
92; 9
95; 6
97; 6
89; 6
99; 6
97; 6
90; 6
88; 6
97; 6
100; 6
95; 6
98; 6
92; 6
101; 6
91; 6
98; 17
98; 6
98; 68
100; 37
99; 109
105; 74
95; 115
106; 94
92; 87
105; 89
92; 38
104; 82
92; 10
104; 79
97; 6
102; 84
102; 99
105; 6
103; 6
99; 104
107; 17
98; 103
109; 38
97; 96
109; 50
98; 81
107; 63
97; 80
102; 67
106; 74
107; 87
108; 80
106; 106
108; 93
105; 106
110; 100
112; 111
103; 98
102; 95
103; 85
111; 130
109; 145
111; 85
108; 150
110; 94
111; 145
116; 106
108; 154
118; 122
104; 143
118; 137
117; 178
104; 140
105; 153
104; 135
115; 201
117; 191
105; 99
117; 173
115; 147
109; 55
118; 25
113; 140
117; 32
119; 26
112; 124
111; 124
121; 42
111; 123
122; 61
109; 113
110; 107
123; 73
119; 94
110; 90
118; 87
120; 71
119; 92
120; 78
119; 88
116; 80
121; 75
123; 75
115; 71
124; 75
126; 73
114; 52
116; 50
126; 85
116; 41
124; 75
117; 18
123; 73
121; 17
122; 76
126; 23
122; 90
123; 102
127; 51
130; 67
130; 89
122; 109
133; 120
121; 132
119; 121
133; 113
119; 82
132; 99
120; 49
129; 82
119; 23
129; 76
119; 7
132; 77
121; 6
132; 77
121; 6
131; 95
123; 6
133; 101
132; 6
134; 6
131; 91
130; 91
133; 6
128; 85
134; 6
129; 79
136; 6
129; 72
136; 6
128; 59
137; 6
129; 57
138; 6
129; 57
141; 6
128; 61
141; 6
128; 63
129; 40
139; 14
139; 24
128; 37
136; 28
130; 17
139; 38
139; 27
136; 56
139; 53
136; 70
141; 66
135; 62
142; 67
134; 47
134; 20
143; 55
144; 56
139; 46
135; 7
140; 6
139; 35
140; 37
61; 6
144; 6
139; 35
147; 6
148; 201
153; 201
149; 201
143; 201
145; 201
144; 201
147; 201
145; 201
145; 192
145; 90
145; 6
145; 6
145; 6
144; 6
143; 6
145; 6
145; 6
144; 6
144; 6
143; 6
144; 6
144; 6
142; 6
144; 6
143; 6
143; 6
143; 6
143; 6
144; 6
142; 6
142; 6
144; 6
143; 6
142; 6
142; 6
142; 6
142; 6
141; 6
141; 6
142; 6
142; 6
142; 6
142; 6
142; 6
142; 6
140; 6
142; 6
141; 6
142; 6
141; 6
141; 6
141; 6
141; 6
139; 6
141; 6
141; 6
140; 6
140; 6
140; 6
141; 6
140; 6
139; 6
141; 6
140; 6
140; 6
140; 6
140; 6
140; 6
140; 6
139; 6
139; 6
140; 6
140; 6
140; 6
140; 6
140; 6
138; 6
140; 6
139; 6
140; 6
139; 6
139; 6
138; 6
140; 6
138; 6
140; 6
139; 6
139; 6
139; 6
138; 6
139; 6
138; 6
138; 6
138; 6
138; 6
138; 6
138; 6
138; 6
138; 6
137; 6
138; 6
137; 6
138; 6
138; 6
138; 6
138; 6
138; 6
136; 6
138; 6
137; 6
137; 6
137; 6
138; 6
138; 6
136; 6
138; 6
137; 6
137; 6
137; 6
137; 6
137; 6
137; 6
137; 6
137; 6
137; 6
137; 6
137; 6
137; 6
137; 6
136; 6
137; 6
137; 6
136; 6
137; 6
136; 6
136; 6
136; 6
136; 6
136; 6
136; 6
136; 6
136; 6
136; 6
136; 6
136; 6
136; 6
136; 6
136; 6
136; 6
136; 6
136; 6
136; 6
136; 6
136; 6
135; 6
135; 6
136; 6
136; 6
135; 6
135; 6
135; 6
135; 6
135; 6
135; 6
135; 6
135; 6
135; 6
135; 6
136; 6
134; 6
135; 6
135; 6
135; 6
135; 6
134; 6
134; 6
134; 6
133; 6
135; 6
134; 6
134; 6
134; 6
135; 6
135; 6
134; 6
133; 6
134; 6
135; 6
135; 6
134; 6
134; 6
134; 6
133; 6
134; 6
133; 6
134; 6
134; 6
134; 6
134; 6
134; 6
132; 6
134; 6
134; 6
133; 6
133; 6
134; 6
133; 6
133; 6
133; 6
134; 6
133; 6
133; 6
133; 6
133; 6
133; 7
133; 6
133; 20
133; 34
133; 43
133; 40
133; 32
132; 23
132; 9
133; 17
132; 6
133; 6
133; 6
132; 6
132; 6
133; 6
133; 6
131; 6
132; 11
133; 19
132; 14
132; 16
132; 16
132; 20
133; 19
132; 12
132; 8
132; 9
132; 11
133; 6
132; 11
132; 6
132; 7
131; 6
132; 7
132; 7
132; 7
132; 8
130; 8
132; 9
132; 9
132; 9
132; 16
132; 10
132; 15
131; 14
131; 14
131; 21
132; 16
131; 21
131; 19
131; 18
132; 26
131; 41
131; 56
132; 63
131; 56
131; 50
131; 45
131; 21
131; 11
131; 36
131; 13
131; 9
131; 13
131; 13
131; 9
131; 10
131; 18
129; 21
131; 22
130; 19
130; 22
131; 25
130; 22
131; 16
130; 9
131; 6
131; 6
130; 10
130; 7
130; 7
130; 7
130; 8
129; 8
130; 9
130; 9
130; 10
130; 10
130; 10
130; 10
130; 11
128; 11
129; 12
130; 12
130; 12
129; 12
129; 12
130; 13
130; 13
128; 13
130; 14
129; 14
130; 14
130; 14
129; 14
129; 15
129; 15
128; 15
130; 15
128; 15
129; 16
129; 20
129; 22
129; 15
129; 16
128; 16
129; 16
129; 16
129; 33
129; 42
128; 38
129; 30
128; 21
128; 16
129; 15
128; 15
129; 23
129; 28
128; 19
129; 15
128; 15
128; 15
128; 16
128; 16
128; 16
127; 16
128; 16
128; 17
127; 17
127; 17
128; 17
127; 17
127; 18
127; 17
128; 17
127; 18
126; 18
128; 18
128; 18
127; 18
127; 18
128; 18
128; 23
127; 19
127; 26
128; 19
127; 19
127; 19
127; 19
127; 19
127; 19
126; 19
127; 19
126; 20
127; 20
127; 20
126; 20
127; 20
126; 20
126; 20
127; 20
126; 20
126; 20
126; 20
126; 20
127; 20
125; 21
126; 21
126; 21
127; 21
126; 21
126; 21
126; 21
127; 21
124; 21
126; 21
125; 21
126; 21
126; 21
125; 21
125; 21
126; 21
124; 22
125; 21
126; 21
125; 21
125; 22
125; 21
126; 21
126; 22
124; 22
126; 35
125; 36
126; 33
125; 29
125; 20
126; 20
125; 20
124; 21
126; 21
125; 20
125; 21
125; 21
125; 21
126; 21
124; 21
126; 21
124; 21
125; 26
125; 26
125; 21
125; 21
125; 21
124; 23
125; 26
124; 21
125; 22
124; 21
124; 21
124; 21
123; 22
124; 22
124; 22
124; 22
124; 22
124; 23
124; 22
125; 25
124; 29
123; 30
125; 25
124; 22
124; 22
124; 26
124; 29
124; 27
123; 23
124; 27
124; 40
124; 62
125; 53
124; 71
124; 71
124; 77
124; 55
124; 41
123; 31
124; 29
124; 32
124; 32
123; 22
124; 30
122; 21
124; 27
123; 34
124; 35
123; 31
123; 31
124; 35
123; 33
123; 26
124; 14
123; 14
123; 27
123; 20
123; 27
123; 22
122; 22
123; 25
123; 24
123; 27
123; 24
123; 25
123; 34
123; 35
123; 35
123; 35
123; 37
123; 34
123; 33
123; 38
123; 29
123; 31
122; 43
123; 41
123; 33
122; 38
123; 49
122; 38
123; 61
123; 71
121; 75
123; 73
122; 70
123; 58
122; 47
122; 21
122; 30
122; 21
121; 20
123; 19
122; 16
122; 16
123; 21
123; 33
123; 37
122; 34
123; 37
121; 31
122; 39
122; 29
122; 24
122; 27
122; 33
121; 37
122; 38
121; 38
122; 34
122; 33
122; 36
121; 32
122; 33
121; 37
122; 41
121; 37
122; 30
122; 21
122; 19
122; 25
121; 29
122; 25
122; 24
121; 25
121; 31
121; 36
122; 36
122; 37
120; 45
121; 56
121; 65
122; 68
121; 48
121; 62
121; 38
122; 33
120; 28
122; 24
121; 19
121; 19
121; 14
121; 17
121; 19
120; 22
120; 25
122; 28
121; 23
121; 24
121; 23
121; 24
121; 28
120; 22
121; 21
121; 19
121; 23
121; 21
121; 19
121; 19
121; 17
120; 20
119; 24
121; 18
120; 12
120; 9
120; 8
120; 7
120; 11
120; 6
120; 6
121; 6
119; 6
121; 6
120; 10
120; 16
121; 33
119; 51
121; 54
120; 53
120; 45
120; 38
120; 18
120; 29
119; 6
119; 6
120; 6
118; 6
120; 6
119; 6
120; 6
120; 6
119; 17
119; 18
120; 16
120; 14
119; 15
119; 17
119; 13
120; 12
118; 7
120; 10
119; 10
120; 6
120; 6
119; 6
119; 6
119; 6
119; 6
119; 6
118; 6
119; 7
119; 11
119; 12
119; 13
118; 16
118; 18
120; 17
119; 12
119; 11
119; 13
119; 17
119; 24
117; 33
119; 41
119; 54
119; 72
119; 76
118; 76
119; 62
119; 52
117; 45
119; 38
118; 34
118; 20
118; 24
118; 17
119; 23
118; 21
117; 21
119; 25
118; 36
118; 42
118; 29
118; 37
119; 27
117; 28
118; 33
119; 28
118; 23
118; 19
118; 17
118; 22
118; 22
118; 19
118; 17
118; 19
118; 25
118; 35
118; 34
118; 33
118; 37
117; 45
118; 45
118; 43
118; 43
118; 45
118; 49
118; 48
118; 47
116; 49
118; 49
117; 56
118; 66
118; 77
117; 84
118; 93
118; 99
116; 94
118; 81
117; 65
118; 54
117; 49
117; 40
118; 36
117; 35
117; 35
118; 41
117; 38
117; 38
117; 40
118; 48
117; 44
116; 48
117; 36
117; 32
117; 42
117; 36
117; 39
117; 35
117; 25
117; 20
117; 24
117; 24
117; 23
117; 21
117; 23
117; 25
117; 26
115; 21
117; 21
116; 20
117; 24
117; 24
117; 27
117; 21
116; 27
117; 31
117; 33
117; 31
117; 55
117; 40
117; 68
117; 71
116; 60
117; 44
116; 33
117; 31
116; 25
116; 17
116; 10
116; 10
115; 18
117; 23
116; 22
116; 22
116; 22
116; 29
117; 26
116; 25
115; 19
117; 18
116; 19
116; 15
116; 12
116; 7
116; 6
116; 9
115; 11
115; 6
116; 6
116; 6
115; 6
116; 6
114; 7
116; 6
115; 6
116; 10
115; 11
116; 7
115; 13
115; 18
116; 26
115; 34
116; 43
116; 55
116; 62
115; 61
115; 50
115; 34
115; 16
116; 6
115; 6
115; 7
115; 6
115; 6
115; 6
115; 6
115; 6
115; 6
115; 6
115; 13
115; 9
115; 14
114; 6
115; 7
115; 6
115; 6
115; 6
113; 6
115; 6
114; 6
114; 6
114; 6
114; 6
115; 6
114; 6
114; 6
115; 6
114; 6
114; 6
114; 6
114; 6
115; 6
114; 6
114; 6
113; 6
114; 6
114; 12
114; 6
113; 23
115; 39
114; 56
114; 68
114; 64
114; 54
115; 42
113; 37
114; 37
114; 29
114; 20
114; 12
113; 17
114; 18
114; 17
112; 19
114; 17
113; 20
114; 27
113; 28
113; 25
114; 24
112; 18
114; 14
113; 12
113; 10
113; 11
113; 14
113; 11
113; 6
113; 8
113; 7
113; 8
113; 12
113; 9
113; 10
113; 10
113; 11
113; 16
113; 15
113; 12
113; 13
113; 14
113; 15
113; 13
113; 14
113; 14
113; 17
113; 31
113; 41
113; 45
113; 56
113; 76
113; 96
113; 93
113; 82
112; 63
113; 52
113; 46
113; 38
113; 32
112; 29
112; 30
113; 32
112; 32
112; 33
112; 32
112; 41
112; 37
112; 40
112; 40
112; 36
112; 39
112; 40
112; 35
112; 30
112; 30
111; 32
112; 31
111; 27
112; 29
112; 28
112; 34
112; 36
112; 36
110; 35
112; 34
111; 41
112; 40
111; 35
112; 36
112; 32
111; 35
111; 36
112; 36
111; 36
111; 33
111; 35
111; 38
110; 56
112; 44
111; 71
113; 90
112; 102
112; 94
112; 71
111; 87
112; 60
110; 51
112; 36
112; 31
111; 24
111; 20
111; 20
112; 16
111; 13
112; 17
110; 12
111; 18
111; 21
111; 20
111; 9
111; 6
111; 6
111; 6
111; 6
111; 6
110; 6
111; 6
111; 8
111; 10
111; 13
110; 19
111; 24
111; 23
111; 20
111; 22
110; 19
111; 24
110; 20
110; 24
111; 30
111; 37
110; 39
110; 35
110; 38
110; 78
111; 57
110; 92
111; 73
110; 87
110; 38
110; 53
111; 30
111; 20
109; 14
110; 8
110; 13
110; 20
110; 24
110; 27
110; 29
109; 47
110; 50
110; 38
109; 47
110; 43
110; 38
110; 37
110; 33
109; 33
110; 34
111; 34
110; 34
110; 28
110; 33
110; 26
110; 21
110; 14
110; 6
109; 6
109; 7
110; 6
110; 8
109; 6
110; 6
108; 19
111; 36
110; 59
110; 73
109; 75
110; 70
110; 62
109; 53
110; 39
110; 26
109; 19
109; 14
109; 14
109; 10
109; 8
109; 6
110; 11
108; 16
110; 14
109; 9
109; 9
109; 14
110; 8
109; 13
109; 6
109; 6
109; 6
109; 6
108; 6
109; 6
109; 6
107; 6
109; 6
108; 6
108; 6
109; 6
108; 6
108; 6
108; 6
109; 6
109; 6
108; 15
109; 29
108; 45
108; 57
109; 64
108; 73
109; 80
109; 74
108; 62
108; 44
108; 23
108; 9
108; 6
108; 6
108; 6
108; 6
109; 6
108; 11
108; 9
108; 8
108; 14
106; 22
108; 20
107; 16
108; 13
108; 15
108; 21
108; 17
108; 13
106; 11
108; 9
107; 12
107; 8
107; 7
107; 6
108; 11
107; 15
108; 14
108; 11
107; 9
108; 8
107; 12
107; 15
108; 11
106; 8
107; 9
108; 16
107; 19
106; 21
107; 22
108; 32
107; 50
108; 68
108; 86
107; 96
107; 99
107; 81
107; 90
106; 56
108; 70
106; 41
108; 37
106; 36
107; 38
107; 30
107; 21
107; 23
106; 27
107; 30
105; 28
107; 29
107; 33
107; 34
107; 33
105; 24
107; 26
107; 21
106; 18
106; 17
106; 19
106; 22
106; 24
107; 20
106; 18
106; 15
106; 17
106; 19
106; 18
106; 14
106; 13
106; 18
105; 23
106; 21
106; 12
106; 6
106; 9
106; 20
106; 25
106; 24
104; 19
106; 19
106; 35
106; 53
106; 69
106; 80
107; 94
105; 104
106; 99
107; 84
106; 65
106; 56
106; 50
106; 40
106; 28
106; 16
106; 19
104; 17
105; 10
104; 9
105; 15
106; 24
106; 31
104; 31
106; 26
104; 25
105; 23
105; 25
105; 15
105; 18
105; 12
105; 12
106; 16
105; 17
105; 16
105; 10
105; 10
104; 23
105; 17
105; 27
105; 23
105; 19
105; 26
105; 27
105; 28
105; 27
103; 23
105; 24
104; 22
105; 25
105; 24
105; 27
105; 29
105; 34
106; 62
104; 42
105; 79
106; 99
105; 101
105; 90
105; 78
105; 70
105; 65
105; 55
105; 45
105; 34
104; 31
105; 32
105; 33
105; 29
103; 28
104; 33
105; 40
104; 42
104; 35
104; 28
105; 32
105; 31
104; 30
105; 23
104; 15
104; 15
104; 14
104; 15
104; 9
104; 10
104; 15
104; 23
104; 16
104; 7
104; 10
104; 6
104; 21
102; 23
104; 18
103; 11
104; 7
103; 13
104; 22
105; 34
103; 48
105; 64
104; 78
105; 77
104; 69
104; 51
104; 63
104; 45
104; 30
102; 25
104; 18
104; 17
104; 15
104; 18
103; 17
103; 15
102; 14
104; 22
103; 30
103; 32
104; 27
104; 22
103; 33
103; 16
102; 16
104; 11
103; 8
103; 6
103; 6
103; 6
103; 6
103; 6
103; 6
103; 6
101; 6
103; 6
102; 6
103; 6
103; 6
103; 6
103; 6
103; 6
103; 20
103; 34
103; 49
103; 63
103; 70
101; 74
102; 60
104; 69
104; 49
102; 39
103; 24
103; 30
101; 21
102; 14
102; 14
103; 10
102; 13
102; 12
103; 8
102; 8
103; 12
102; 16
102; 16
102; 12
102; 8
102; 7
102; 7
102; 6
102; 6
102; 6
102; 6
102; 6
102; 6
101; 6
102; 6
102; 6
102; 6
102; 6
102; 6
102; 6
102; 6
101; 6
101; 6
101; 6
101; 6
102; 6
101; 6
101; 19
102; 33
102; 13
102; 57
102; 87
101; 88
102; 77
102; 83
102; 81
101; 72
101; 57
102; 47
100; 40
101; 42
101; 41
101; 35
101; 27
101; 28
102; 28
101; 35
101; 35
102; 31
101; 28
101; 28
101; 27
101; 24
101; 23
101; 26
101; 20
102; 18
101; 12
101; 12
100; 15
101; 15
101; 18
100; 9
101; 6
100; 6
100; 12
100; 13
101; 9
100; 12
101; 9
99; 14
100; 18
100; 17
100; 20
100; 17
100; 25
100; 28
100; 32
99; 35
101; 52
100; 75
101; 98
101; 104
101; 100
101; 95
100; 93
100; 81
101; 68
100; 71
100; 62
100; 64
100; 51
101; 36
99; 34
100; 49
101; 41
100; 48
100; 39
100; 39
100; 43
101; 42
100; 41
99; 38
100; 36
100; 29
100; 29
100; 32
100; 33
100; 25
99; 24
100; 28
100; 31
100; 29
100; 22
99; 22
100; 25
100; 28
98; 30
100; 27
100; 19
100; 23
99; 21
99; 25
100; 25
99; 24
98; 26
100; 28
100; 40
100; 60
100; 79
100; 95
100; 102
100; 101
99; 90
100; 79
100; 66
99; 54
99; 41
99; 33
98; 30
99; 30
99; 30
99; 27
99; 25
99; 29
99; 36
100; 40
100; 37
98; 32
100; 29
99; 25
99; 21
99; 19
99; 15
99; 14
99; 15
98; 18
99; 18
99; 12
98; 7
99; 12
99; 17
100; 16
99; 14
99; 14
98; 21
99; 24
99; 20
99; 18
99; 15
99; 38
99; 48
99; 27
99; 59
99; 68
99; 74
99; 72
99; 66
99; 56
98; 47
100; 37
98; 29
99; 20
98; 16
98; 16
99; 22
98; 22
97; 23
99; 26
99; 27
98; 26
98; 17
98; 7
98; 6
98; 6
98; 6
99; 7
97; 6
98; 6
98; 6
98; 6
98; 6
98; 6
97; 6
98; 6
97; 6
98; 6
98; 6
98; 6
97; 6
98; 6
97; 6
98; 6
97; 6
98; 13
99; 53
98; 33
98; 66
96; 68
98; 68
98; 66
98; 62
98; 52
98; 40
98; 31
97; 30
96; 24
97; 18
96; 9
97; 6
97; 6
98; 11
98; 10
96; 9
98; 6
97; 13
97; 8
97; 11
97; 11
97; 10
97; 13
96; 12
97; 7
97; 6
97; 6
97; 6
97; 6
95; 6
96; 6
97; 6
97; 6
96; 6
97; 6
96; 6
97; 6
97; 6
95; 6
97; 6
97; 7
97; 11
97; 13
97; 16
97; 22
95; 58
97; 36
97; 83
97; 102
97; 105
97; 105
97; 96
97; 94
97; 85
95; 72
97; 62
96; 57
95; 55
96; 47
96; 28
96; 39
95; 26
96; 37
97; 32
96; 36
96; 33
96; 32
96; 34
96; 33
96; 27
96; 24
96; 21
96; 22
96; 23
96; 19
96; 15
96; 13
96; 14
96; 16
96; 14
96; 14
96; 15
96; 16
96; 16
95; 12
96; 8
96; 7
96; 6
96; 7
95; 6
95; 12
95; 25
95; 17
95; 24
95; 22
96; 44
95; 27
96; 71
96; 96
96; 103
96; 103
96; 100
96; 100
96; 96
96; 83
95; 64
96; 52
95; 47
95; 45
96; 49
95; 36
95; 32
95; 35
95; 37
95; 39
95; 39
95; 35
95; 37
95; 37
95; 31
95; 26
94; 24
94; 25
96; 23
95; 25
95; 25
95; 27
95; 23
95; 25
93; 22
94; 18
96; 13
95; 12
95; 14
95; 12
95; 8
95; 11
95; 6
95; 12
95; 14
95; 13
95; 16
95; 27
95; 45
95; 60
95; 79
95; 91
95; 97
95; 95
95; 84
95; 67
95; 52
94; 45
95; 37
95; 32
94; 23
94; 12
94; 14
94; 13
94; 18
95; 22
95; 26
95; 31
93; 30
95; 24
94; 17
94; 14
94; 17
94; 17
94; 12
94; 8
94; 6
95; 9
94; 13
94; 16
94; 12
94; 10
94; 8
94; 6
95; 6
93; 7
93; 6
94; 15
94; 9
94; 23
94; 20
93; 30
95; 47
94; 70
94; 84
94; 89
94; 88
94; 81
94; 80
93; 73
95; 58
94; 44
95; 38
94; 34
94; 26
94; 15
94; 6
94; 9
94; 15
94; 16
94; 14
94; 16
94; 17
94; 19
94; 12
94; 6
93; 6
93; 6
94; 6
93; 6
93; 6
93; 6
93; 6
93; 6
92; 6
93; 6
92; 6
93; 6
93; 6
93; 6
93; 6
93; 6
92; 6
93; 6
92; 6
93; 6
92; 14
93; 6
94; 32
93; 50
93; 65
93; 76
93; 89
93; 84
92; 71
93; 84
93; 58
93; 46
92; 52
93; 40
93; 31
93; 19
92; 12
91; 8
93; 6
93; 13
92; 6
91; 6
93; 17
92; 17
93; 12
91; 8
93; 6
92; 6
92; 6
93; 6
92; 6
92; 6
92; 6
92; 6
91; 6
92; 6
92; 6
91; 6
92; 6
92; 6
92; 6
91; 6
92; 6
92; 6
90; 6
91; 6
92; 6
92; 11
91; 13
92; 10
92; 10
92; 25
92; 50
92; 71
93; 101
92; 89
91; 106
93; 108
92; 88
92; 98
92; 80
92; 71
92; 68
92; 63
91; 58
92; 45
91; 38
92; 38
91; 34
91; 32
92; 32
91; 34
91; 32
92; 30
91; 29
91; 25
91; 23
92; 25
91; 16
92; 21
91; 10
91; 10
92; 16
91; 6
91; 12
92; 8
91; 15
91; 18
92; 18
91; 18
91; 18
91; 19
91; 20
90; 22
90; 26
91; 28
92; 26
91; 28
90; 28
91; 31
91; 33
91; 37
90; 51
92; 71
91; 91
91; 111
91; 118
91; 115
91; 104
91; 123
90; 93
91; 88
91; 84
91; 79
91; 51
91; 67
90; 46
91; 45
90; 45
91; 43
90; 39
91; 44
91; 47
91; 47
91; 43
91; 38
89; 33
90; 32
90; 21
90; 29
91; 16
90; 18
91; 21
90; 18
90; 11
91; 12
90; 12
90; 13
90; 9
90; 6
90; 6
90; 6
91; 6
90; 6
90; 7
90; 6
90; 9
90; 15
91; 18
89; 21
90; 55
91; 32
90; 80
90; 97
90; 102
91; 93
90; 87
89; 80
91; 69
90; 57
90; 36
90; 43
91; 30
91; 21
89; 13
90; 14
91; 21
90; 29
90; 34
90; 30
90; 24
90; 19
90; 18
90; 18
90; 11
89; 6
90; 6
90; 6
90; 6
90; 6
90; 6
88; 6
90; 6
90; 6
89; 6
90; 6
89; 6
90; 6
90; 6
90; 6
90; 6
90; 6
89; 6
89; 7
90; 8
88; 12
90; 19
90; 39
90; 61
89; 88
89; 79
90; 85
90; 84
88; 76
90; 60
89; 46
89; 36
89; 32
89; 23
89; 16
90; 14
89; 9
90; 6
89; 7
88; 6
90; 6
88; 6
89; 6
89; 12
88; 11
90; 6
88; 6
89; 6
89; 6
89; 6
89; 6
89; 6
89; 6
89; 6
87; 6
89; 6
88; 6
89; 6
88; 6
88; 6
89; 6
88; 6
87; 6
89; 6
88; 6
88; 6
88; 6
88; 6
88; 6
88; 6
87; 6
88; 16
88; 39
89; 70
88; 86
89; 93
89; 92
88; 87
88; 91
88; 74
88; 57
88; 54
88; 64
87; 47
89; 37
88; 27
88; 23
88; 23
88; 24
88; 23
87; 23
88; 30
88; 35
88; 35
87; 19
88; 26
88; 29
88; 14
86; 11
88; 6
88; 6
87; 6
88; 6
88; 6
87; 6
88; 6
86; 9
89; 14
87; 16
87; 20
87; 22
87; 25
88; 26
87; 21
87; 25
88; 24
88; 32
87; 39
87; 43
88; 44
88; 44
86; 53
87; 89
88; 68
88; 111
88; 123
88; 130
88; 129
88; 127
87; 115
87; 103
88; 90
88; 81
87; 72
88; 65
88; 56
88; 50
86; 44
87; 43
88; 45
88; 46
87; 45
87; 46
88; 45
87; 39
86; 33
88; 27
87; 27
87; 23
87; 19
87; 12
87; 10
86; 14
86; 14
87; 8
87; 6
87; 6
87; 6
87; 6
87; 6
87; 6
87; 6
86; 6
87; 6
85; 6
87; 6
86; 6
86; 6
86; 6
86; 6
85; 6
87; 6
87; 32
86; 9
87; 35
86; 26
85; 13
87; 6
86; 6
86; 6
86; 6
86; 6
86; 6
86; 6
86; 6
86; 6
84; 6
86; 6
85; 6
86; 6
85; 6
85; 6
86; 6
85; 6
84; 6
86; 6
85; 6
85; 6
85; 6
84; 6
85; 6
84; 6
84; 6
85; 6
85; 6
85; 6
84; 6
85; 6
85; 6
83; 6
85; 6
85; 8
85; 8
85; 9
84; 9
85; 10
85; 10
85; 21
85; 45
85; 66
85; 84
86; 92
85; 101
84; 102
86; 100
85; 93
84; 85
85; 84
85; 88
85; 88
84; 76
85; 66
85; 63
85; 60
85; 55
84; 52
85; 55
85; 61
85; 58
83; 63
84; 53
85; 44
85; 36
84; 31
85; 24
84; 18
83; 15
85; 15
84; 12
84; 6
84; 6
84; 7
85; 20
84; 28
84; 25
85; 23
84; 29
84; 43
84; 52
84; 47
84; 41
83; 38
84; 38
84; 41
84; 27
85; 54
84; 34
84; 32
84; 81
83; 93
85; 101
84; 102
84; 99
84; 98
84; 93
85; 87
84; 82
84; 77
85; 74
84; 72
84; 61
84; 50
84; 43
85; 41
83; 39
84; 35
85; 32
84; 37
84; 35
84; 33
84; 26
84; 23
82; 19
84; 11
83; 6
83; 6
84; 6
84; 6
83; 6
83; 6
84; 6
84; 6
82; 6
84; 6
83; 6
83; 6
83; 6
83; 6
83; 6
84; 6
82; 6
82; 6
84; 6
83; 6
83; 26
83; 14
82; 48
84; 70
83; 87
83; 89
83; 91
84; 84
83; 87
83; 75
83; 66
83; 56
84; 57
83; 56
83; 55
83; 50
84; 47
82; 42
83; 46
83; 55
83; 55
83; 50
83; 39
83; 31
82; 26
82; 22
82; 16
82; 9
83; 6
83; 6
84; 6
83; 6
83; 6
83; 6
83; 6
81; 6
83; 6
83; 6
83; 6
83; 11
82; 15
82; 14
83; 10
83; 9
83; 14
81; 17
82; 22
83; 30
82; 39
83; 53
82; 72
83; 95
83; 116
83; 124
82; 126
83; 119
82; 111
83; 94
82; 101
83; 87
83; 75
82; 64
83; 54
82; 53
82; 48
83; 46
82; 44
82; 40
82; 37
83; 39
82; 40
81; 38
82; 34
83; 29
82; 32
82; 30
82; 27
82; 23
82; 23
81; 25
83; 24
82; 9
82; 16
82; 6
82; 6
81; 9
82; 8
82; 7
82; 10
82; 12
82; 12
82; 13
82; 10
82; 8
82; 6
82; 6
82; 9
82; 67
82; 36
82; 90
82; 92
82; 97
82; 86
82; 87
82; 89
82; 87
82; 83
82; 71
82; 63
82; 61
82; 57
82; 50
82; 44
82; 44
82; 51
82; 58
82; 59
82; 48
82; 57
82; 40
82; 30
82; 20
82; 14
82; 12
82; 10
82; 14
82; 6
81; 6
82; 9
82; 8
82; 6
81; 6
82; 6
81; 6
82; 6
81; 7
82; 9
82; 6
82; 16
81; 7
82; 30
82; 63
80; 50
81; 74
82; 85
82; 90
82; 87
82; 83
81; 73
82; 77
81; 51
82; 64
82; 42
81; 34
82; 31
82; 26
82; 20
82; 14
82; 13
82; 20
82; 25
82; 27
82; 24
82; 14
81; 9
82; 6
81; 6
80; 6
82; 6
81; 6
81; 6
81; 6
81; 6
81; 6
80; 6
81; 6
81; 6
81; 6
81; 6
81; 6
81; 6
82; 24
81; 67
81; 47
81; 80
82; 84
82; 78
81; 70
79; 60
82; 52
81; 38
81; 44
81; 36
82; 32
81; 27
81; 22
79; 16
81; 14
81; 18
81; 23
79; 25
81; 21
81; 17
80; 15
81; 14
81; 12
80; 6
81; 6
80; 6
81; 6
80; 6
80; 6
80; 6
79; 6
79; 6
81; 6
80; 6
80; 6
80; 6
80; 6
79; 6
81; 6
80; 6
81; 6
80; 6
80; 6
80; 6
79; 9
81; 35
81; 66
81; 87
80; 98
80; 101
81; 97
79; 87
79; 81
80; 71
80; 60
80; 56
80; 52
80; 49
81; 46
79; 46
81; 44
81; 41
80; 36
80; 35
80; 36
81; 40
81; 23
80; 40
79; 34
80; 14
79; 11
81; 14
80; 10
79; 6
80; 6
79; 6
79; 6
78; 6
80; 6
79; 6
79; 6
79; 6
79; 6
79; 6
79; 6
79; 6
80; 6
79; 6
79; 6
79; 6
79; 6
80; 6
79; 10
79; 8
79; 10
79; 21
79; 42
80; 71
80; 107
78; 93
79; 115
79; 117
79; 110
79; 96
80; 84
79; 75
79; 70
80; 68
79; 59
80; 54
79; 49
79; 48
80; 52
79; 53
79; 51
80; 49
79; 49
79; 52
79; 51
79; 47
80; 38
78; 34
79; 30
79; 27
79; 22
79; 15
79; 8
79; 6
79; 6
78; 6
79; 6
78; 6
79; 6
79; 6
79; 6
79; 6
79; 6
79; 6
79; 6
77; 6
79; 6
78; 6
78; 6
79; 9
78; 10
78; 11
79; 15
79; 21
79; 77
78; 36
79; 51
79; 99
78; 109
79; 107
78; 102
79; 99
79; 95
79; 74
78; 87
79; 69
77; 65
79; 67
78; 64
78; 48
79; 51
79; 56
79; 53
78; 53
78; 55
79; 48
78; 38
78; 32
79; 31
78; 30
79; 26
78; 19
78; 16
78; 15
78; 9
79; 6
78; 6
78; 6
78; 6
78; 6
78; 6
78; 6
77; 6
78; 6
78; 6
78; 6
78; 6
78; 6
78; 6
78; 6
76; 6
78; 8
78; 14
78; 20
78; 22
76; 26
78; 67
78; 41
79; 93
78; 102
78; 100
78; 92
78; 95
77; 89
79; 78
78; 67
78; 62
78; 51
78; 59
78; 43
78; 38
77; 35
79; 37
78; 43
78; 47
78; 52
78; 55
79; 51
76; 49
78; 38
78; 30
78; 17
78; 22
78; 17
78; 13
78; 9
78; 6
78; 6
76; 6
77; 6
77; 6
77; 6
77; 6
77; 6
77; 6
78; 6
77; 6
77; 6
77; 6
77; 6
77; 6
77; 6
78; 6
77; 6
77; 11
78; 30
77; 54
77; 71
77; 79
76; 79
78; 70
78; 58
77; 52
77; 49
77; 43
77; 30
77; 17
76; 10
78; 13
76; 11
77; 7
77; 9
77; 6
78; 18
77; 22
76; 22
78; 21
77; 19
77; 18
77; 14
77; 11
77; 6
77; 6
77; 6
76; 6
78; 6
76; 6
76; 6
76; 6
76; 6
76; 6
77; 6
77; 6
75; 6
77; 6
76; 6
75; 6
76; 6
76; 6
77; 6
76; 6
76; 6
76; 14
76; 40
77; 64
76; 84
75; 95
77; 105
76; 104
76; 99
76; 92
76; 85
77; 82
76; 77
76; 68
77; 62
76; 56
76; 54
76; 55
76; 53
77; 50
75; 52
75; 57
76; 62
76; 60
76; 58
76; 51
76; 47
76; 42
75; 37
76; 29
76; 26
76; 6
76; 11
76; 21
76; 6
76; 6
76; 6
76; 6
74; 6
76; 6
76; 6
76; 6
75; 6
76; 6
76; 6
76; 6
74; 6
76; 13
75; 15
75; 11
76; 16
76; 56
74; 31
75; 81
76; 113
76; 101
76; 113
76; 96
76; 109
74; 82
76; 74
75; 69
76; 65
76; 59
76; 52
76; 43
75; 42
75; 42
76; 44
75; 44
76; 51
76; 54
76; 55
76; 51
74; 45
76; 35
76; 34
75; 37
76; 36
75; 27
75; 16
76; 9
75; 6
75; 6
75; 6
74; 6
75; 6
74; 6
75; 6
75; 6
75; 6
76; 6
75; 6
74; 6
76; 6
74; 6
75; 6
75; 6
75; 6
75; 6
74; 6
74; 6
75; 30
75; 55
75; 76
75; 85
74; 86
75; 88
75; 78
75; 74
75; 66
75; 61
75; 57
75; 50
75; 43
75; 36
75; 35
75; 37
75; 36
75; 36
75; 38
74; 42
74; 43
74; 37
75; 30
75; 20
75; 14
75; 8
74; 6
75; 6
75; 6
74; 6
74; 6
75; 6
74; 6
74; 6
74; 6
74; 6
75; 6
74; 6
73; 6
74; 6
74; 6
74; 6
75; 6
74; 6
74; 6
74; 6
73; 6
74; 6
74; 6
74; 6
73; 30
75; 51
74; 64
74; 72
74; 78
74; 75
74; 66
74; 56
73; 48
75; 46
74; 44
74; 41
74; 37
74; 35
74; 32
73; 33
74; 35
75; 35
74; 37
74; 37
74; 43
74; 41
74; 40
74; 36
72; 34
74; 34
73; 29
73; 24
73; 20
74; 17
74; 16
73; 13
72; 8
73; 6
72; 6
73; 6
74; 6
73; 6
74; 7
73; 6
73; 6
74; 6
73; 12
73; 6
73; 15
73; 21
74; 27
72; 29
74; 36
73; 53
73; 81
73; 102
74; 115
74; 123
73; 126
73; 126
74; 113
74; 104
74; 98
73; 90
73; 86
74; 82
73; 74
73; 72
73; 75
74; 79
73; 79
73; 75
74; 78
73; 74
72; 81
73; 79
73; 75
73; 68
74; 63
73; 59
74; 56
73; 50
73; 39
72; 44
73; 35
73; 24
73; 16
73; 14
74; 14
73; 24
74; 19
72; 24
73; 14
73; 16
73; 20
73; 16
73; 14
72; 9
73; 7
73; 10
73; 10
73; 13
73; 23
73; 46
74; 71
72; 86
74; 88
73; 84
73; 78
73; 71
73; 57
73; 46
73; 37
72; 33
73; 30
73; 24
73; 20
73; 20
73; 20
73; 23
73; 23
73; 24
73; 23
72; 22
73; 24
73; 20
72; 6
73; 13
72; 6
73; 6
73; 6
72; 6
71; 6
73; 6
72; 6
72; 6
73; 6
73; 6
72; 6
71; 6
72; 6
72; 6
72; 6
72; 6
72; 6
72; 6
72; 6
72; 6
72; 6
72; 6
72; 6
72; 6
72; 6
73; 6
72; 51
72; 27
72; 67
72; 70
72; 67
72; 64
71; 57
71; 47
72; 42
72; 42
72; 43
72; 34
72; 38
72; 26
71; 28
72; 30
72; 34
71; 33
72; 31
72; 29
72; 33
72; 32
70; 35
72; 27
71; 23
71; 26
71; 24
72; 28
72; 30
70; 31
73; 31
71; 29
71; 25
71; 21
72; 22
72; 29
71; 28
72; 24
70; 25
72; 28
71; 35
72; 36
71; 34
72; 31
70; 31
72; 39
71; 43
71; 44
72; 41
71; 40
72; 43
70; 55
72; 75
72; 99
72; 117
72; 130
71; 134
72; 121
72; 110
72; 104
71; 97
72; 86
71; 75
71; 68
71; 69
72; 68
72; 66
72; 66
71; 65
72; 73
72; 84
72; 84
72; 69
71; 78
72; 64
72; 65
71; 66
72; 63
72; 54
72; 49
71; 45
72; 37
71; 33
71; 30
71; 27
71; 27
71; 22
71; 18
71; 16
71; 14
71; 12
71; 13
71; 13
71; 10
71; 11
71; 12
71; 8
71; 6
71; 13
71; 35
72; 57
72; 69
71; 72
71; 66
71; 69
72; 65
70; 56
71; 45
72; 38
71; 34
72; 33
71; 29
71; 28
72; 29
70; 32
72; 41
71; 44
71; 47
71; 46
71; 44
71; 47
71; 45
70; 39
72; 30
71; 27
71; 26
71; 23
71; 14
71; 7
71; 6
71; 6
71; 6
69; 6
71; 6
69; 6
71; 6
72; 12
70; 14
71; 12
72; 19
71; 39
71; 66
71; 83
72; 94
72; 99
70; 95
72; 83
71; 70
71; 59
71; 53
71; 52
71; 48
72; 49
71; 47
71; 51
72; 57
71; 59
71; 62
71; 65
71; 70
72; 75
70; 73
72; 70
71; 61
72; 51
71; 50
71; 38
71; 32
71; 45
70; 27
71; 24
71; 16
71; 7
71; 9
71; 6
71; 6
71; 6
71; 6
71; 6
71; 22
71; 51
71; 70
71; 79
72; 76
70; 69
71; 58
71; 46
71; 37
71; 28
71; 23
71; 22
71; 12
71; 6
71; 6
71; 6
71; 6
71; 13
71; 16
71; 17
71; 19
70; 19
72; 11
69; 6
71; 6
70; 6
71; 6
70; 6
71; 6
71; 6
69; 6
70; 6
71; 6
70; 6
70; 6
70; 6
71; 6
70; 6
69; 6
70; 6
70; 6
70; 6
70; 10
70; 11
70; 6
70; 6
69; 6
71; 6
70; 6
70; 6
70; 6
70; 6
70; 6
70; 6
69; 6
71; 6
70; 6
70; 6
70; 6
70; 6
70; 6
70; 6
68; 6
70; 6
70; 6
70; 6
69; 6
69; 6
70; 6
69; 6
70; 6
69; 6
68; 6
69; 6
70; 6
70; 6
69; 6
69; 6
69; 6
68; 6
68; 6
69; 6
69; 6
69; 6
69; 6
68; 6
69; 6
69; 6
69; 21
69; 39
69; 51
68; 57
69; 46
70; 55
69; 40
69; 35
69; 33
68; 35
69; 37
68; 38
69; 38
69; 37
69; 31
69; 24
69; 22
69; 24
67; 28
68; 24
69; 26
68; 20
69; 20
69; 26
69; 27
67; 25
68; 27
69; 25
68; 15
68; 24
68; 7
68; 6
68; 6
68; 6
68; 6
68; 6
67; 6
68; 6
68; 6
68; 6
68; 6
68; 6
69; 6
68; 6
67; 6
68; 6
68; 6
68; 6
68; 6
68; 6
68; 6
68; 6
68; 6
68; 6
67; 6
67; 6
67; 6
68; 6
69; 22
68; 44
68; 75
68; 63
68; 77
68; 71
67; 64
68; 57
67; 51
68; 51
68; 57
67; 55
68; 57
68; 53
68; 59
68; 55
67; 61
68; 60
68; 64
68; 68
68; 71
68; 71
67; 65
67; 66
68; 69
67; 58
68; 47
67; 65
67; 40
68; 39
66; 38
67; 35
67; 26
67; 32
67; 26
67; 30
67; 35
67; 35
65; 35
68; 33
67; 36
67; 42
67; 44
67; 44
67; 43
68; 39
66; 40
66; 41
67; 40
67; 44
67; 47
67; 44
67; 39
66; 37
67; 48
67; 69
67; 105
67; 89
67; 114
67; 121
66; 112
67; 120
67; 99
66; 91
68; 84
67; 82
67; 81
67; 74
67; 68
67; 60
68; 56
66; 53
67; 52
67; 55
67; 59
68; 62
66; 60
68; 51
66; 56
67; 48
67; 50
67; 47
67; 40
67; 36
66; 36
67; 38
66; 34
67; 29
67; 30
67; 30
67; 29
67; 30
65; 27
67; 29
66; 41
66; 35
67; 29
67; 37
67; 23
66; 21
66; 23
67; 21
67; 16
67; 14
67; 34
66; 18
67; 59
67; 79
68; 102
67; 92
67; 101
67; 93
67; 80
66; 68
67; 58
65; 53
66; 47
67; 39
66; 34
67; 32
66; 29
66; 36
67; 36
66; 39
67; 46
67; 50
66; 49
66; 42
66; 36
66; 32
67; 32
65; 25
66; 16
66; 13
66; 11
66; 9
66; 6
66; 6
66; 6
66; 6
67; 6
65; 6
66; 6
66; 6
66; 6
66; 6
66; 6
66; 6
66; 6
65; 6
67; 6
66; 6
66; 6
65; 16
66; 6
66; 32
65; 35
66; 31
66; 25
66; 22
66; 18
66; 9
65; 6
66; 6
65; 6
66; 6
66; 6
66; 6
66; 6
66; 6
66; 11
66; 16
65; 14
65; 9
66; 9
66; 9
66; 7
65; 6
66; 6
65; 6
66; 6
64; 6
65; 6
65; 6
65; 6
65; 6
65; 6
64; 6
66; 6
65; 6
65; 6
65; 6
65; 6
64; 6
65; 6
65; 6
66; 6
63; 6
64; 6
65; 12
65; 25
64; 44
66; 59
65; 68
65; 79
65; 92
65; 98
65; 102
66; 100
65; 91
66; 90
65; 88
65; 85
65; 80
65; 79
66; 80
65; 80
65; 75
66; 70
65; 68
65; 68
65; 68
65; 65
65; 62
64; 60
65; 58
65; 57
65; 54
65; 43
65; 38
65; 49
65; 34
66; 21
63; 27
64; 19
65; 23
64; 25
65; 24
65; 25
64; 29
63; 37
65; 38
65; 35
65; 34
65; 39
64; 40
65; 36
65; 41
65; 41
65; 77
66; 55
65; 99
65; 113
65; 117
65; 116
64; 113
65; 104
65; 82
64; 91
65; 81
65; 76
65; 72
64; 61
65; 66
65; 59
65; 59
65; 60
65; 57
65; 53
65; 49
64; 49
64; 43
65; 41
65; 38
65; 34
65; 19
65; 29
65; 24
63; 18
65; 19
64; 22
65; 19
64; 9
65; 12
64; 6
64; 6
64; 6
64; 6
64; 6
64; 10
64; 16
64; 18
64; 19
65; 35
64; 61
64; 85
66; 94
65; 90
65; 69
65; 79
65; 62
65; 54
63; 48
65; 42
65; 35
65; 31
64; 25
65; 18
64; 20
64; 20
63; 26
64; 29
65; 26
64; 25
64; 23
65; 11
64; 6
65; 20
64; 6
64; 6
63; 6
64; 6
64; 6
65; 6
64; 6
64; 6
65; 6
63; 6
63; 6
65; 6
64; 6
64; 6
64; 6
63; 10
65; 30
64; 56
64; 52
64; 48
64; 49
65; 50
64; 48
64; 42
65; 37
64; 32
64; 31
64; 28
64; 32
64; 24
63; 21
64; 25
64; 31
64; 32
64; 31
64; 24
64; 22
64; 20
62; 15
63; 8
63; 6
63; 6
64; 6
64; 6
63; 6
63; 6
63; 6
64; 6
62; 6
64; 6
64; 6
64; 6
63; 6
63; 6
64; 6
64; 10
63; 6
63; 28
64; 44
64; 64
64; 93
63; 126
65; 167
64; 198
65; 201
64; 201
65; 201
65; 201
66; 201
65; 201
65; 201
66; 201
66; 201
66; 201
66; 201
66; 201
66; 201
65; 201
67; 201
66; 201
67; 201
67; 201
67; 201
67; 201
67; 201
66; 201
68; 201
67; 201
67; 201
67; 201
67; 201
68; 201
67; 199
66; 174
68; 149
67; 134
67; 121
67; 112
67; 97
67; 82
66; 65
67; 49
68; 31
67; 10
68; 6
66; 6
66; 6
66; 6
66; 6
66; 6
65; 6
67; 6
66; 6
66; 6
66; 6
66; 6
66; 6
67; 6
65; 6
66; 6
66; 6
65; 6
66; 6
66; 6
66; 6
66; 6
64; 6
66; 6
65; 6
65; 6
65; 6
65; 6
66; 6
65; 6
64; 6
66; 6
65; 6
65; 6
65; 6
64; 6
65; 6
63; 6
63; 6
65; 6
64; 6
64; 6
64; 6
64; 6
64; 6
63; 6
65; 6
64; 6
64; 6
63; 6
64; 6
64; 6
64; 6
64; 6
64; 6
64; 6
63; 6
64; 6
64; 6
64; 6
64; 6
63; 6
64; 6
64; 6
64; 6
64; 24
64; 34
64; 38
64; 40
64; 43
64; 37
64; 40
64; 35
64; 36
64; 37
64; 34
64; 31
64; 34
64; 37
64; 36
64; 35
64; 34
63; 51
64; 41
64; 50
64; 46
63; 49
64; 49
64; 52
64; 51
64; 46
64; 40
64; 38
64; 40
64; 40
63; 37
64; 32
63; 31
63; 35
63; 37
63; 35
63; 30
63; 23
63; 21
63; 22
63; 19
64; 14
63; 10
63; 11
63; 18
63; 22
64; 29
63; 37
63; 51
64; 61
63; 60
63; 63
63; 55
63; 44
64; 30
62; 16
63; 11
64; 9
63; 11
63; 6
63; 6
63; 6
63; 6
63; 6
63; 6
62; 6
63; 6
64; 6
62; 6
63; 8
63; 6
63; 6
62; 6
63; 6
62; 6
62; 6
63; 6
62; 6
62; 6
62; 6
63; 6
62; 6
63; 6
63; 6
62; 6
62; 6
62; 6
63; 6
62; 6
63; 6
62; 6
63; 6
62; 6
62; 6
62; 23
61; 41
63; 61
62; 74
62; 82
62; 79
62; 75
62; 75
62; 73
62; 71
63; 69
62; 67
62; 65
62; 66
63; 68
63; 68
61; 67
62; 69
62; 71
62; 77
62; 85
62; 87
62; 88
62; 85
61; 80
63; 72
62; 61
62; 66
62; 57
62; 49
62; 40
61; 32
61; 25
63; 20
62; 17
62; 12
61; 6
61; 6
62; 6
62; 6
62; 6
62; 6
60; 6
62; 6
62; 6
62; 12
62; 24
62; 49
60; 37
61; 54
62; 54
61; 46
62; 27
61; 35
62; 21
61; 13
61; 13
62; 11
62; 17
61; 25
61; 30
62; 33
61; 42
61; 49
62; 52
61; 48
62; 52
61; 38
62; 41
61; 43
61; 34
60; 40
62; 27
61; 23
61; 21
61; 18
61; 15
61; 13
60; 9
62; 6
61; 9
61; 10
61; 8
62; 9
61; 13
61; 14
60; 15
61; 17
62; 20
61; 23
61; 21
61; 25
61; 40
62; 100
61; 69
60; 90
61; 95
61; 81
61; 71
61; 68
62; 65
61; 46
60; 41
61; 55
61; 43
61; 45
61; 41
60; 32
61; 38
61; 34
61; 30
61; 27
61; 28
61; 29
61; 25
61; 18
61; 6
61; 11
61; 6
60; 6
61; 6
60; 6
61; 6
60; 6
61; 6
61; 6
59; 6
61; 6
61; 6
59; 6
60; 6
60; 6
60; 6
60; 6
60; 6
59; 6
61; 6
60; 13
61; 31
61; 53
60; 64
61; 71
60; 74
61; 74
60; 76
61; 69
61; 57
60; 48
59; 50
61; 57
60; 57
60; 54
60; 49
60; 50
61; 57
60; 61
61; 60
61; 56
60; 54
60; 57
60; 58
60; 57
61; 56
59; 53
60; 51
60; 44
61; 46
60; 43
60; 40
60; 44
60; 36
58; 30
61; 26
60; 29
60; 35
60; 28
60; 34
60; 23
59; 24
61; 20
60; 27
60; 28
60; 28
60; 27
60; 35
60; 51
60; 69
59; 89
61; 101
60; 104
60; 97
60; 90
61; 79
60; 84
60; 77
61; 69
59; 72
60; 66
60; 66
60; 63
60; 58
60; 56
60; 54
60; 55
61; 55
60; 53
60; 51
60; 43
60; 36
60; 29
59; 24
60; 19
58; 16
60; 15
60; 17
60; 11
60; 6
60; 6
60; 6
60; 6
60; 6
59; 6
60; 6
60; 6
60; 6
60; 6
59; 6
60; 6
60; 6
60; 6
59; 6
59; 6
60; 6
59; 22
60; 36
60; 42
59; 39
60; 42
59; 32
59; 37
59; 27
60; 16
59; 13
60; 11
59; 12
59; 11
59; 9
59; 7
59; 11
58; 16
60; 16
59; 12
60; 10
59; 16
59; 22
60; 21
59; 14
58; 10
60; 15
59; 23
59; 28
59; 25
59; 18
60; 19
58; 23
60; 25
58; 20
59; 17
59; 17
59; 22
59; 24
59; 25
59; 25
58; 27
60; 33
59; 33
60; 34
59; 34
59; 32
59; 34
59; 48
58; 69
59; 90
60; 99
60; 103
59; 99
59; 88
60; 81
58; 73
60; 71
59; 68
59; 63
58; 59
59; 59
59; 57
59; 63
60; 59
59; 62
59; 63
59; 75
60; 69
59; 73
59; 70
58; 66
60; 66
60; 62
59; 54
59; 47
59; 40
59; 40
59; 37
57; 32
59; 28
59; 21
59; 18
59; 15
59; 11
59; 6
58; 6
59; 6
58; 6
59; 6
59; 6
59; 6
59; 6
59; 6
58; 13
57; 24
59; 37
58; 33
59; 32
58; 29
59; 22
59; 15
59; 6
59; 6
58; 6
58; 8
59; 8
58; 9
59; 6
59; 6
57; 15
59; 26
58; 34
58; 30
58; 33
58; 27
59; 26
58; 27
57; 23
59; 17
58; 9
58; 10
58; 12
58; 13
58; 11
58; 9
58; 6
59; 11
58; 11
58; 11
58; 8
58; 6
59; 6
58; 6
58; 6
58; 6
58; 16
57; 6
58; 15
58; 8
58; 12
58; 34
58; 61
59; 75
59; 75
58; 66
58; 57
58; 53
59; 48
57; 39
58; 31
58; 27
58; 27
58; 32
58; 28
58; 23
58; 22
58; 28
59; 32
58; 36
58; 37
58; 37
58; 36
58; 36
57; 33
57; 30
59; 28
58; 28
58; 25
57; 19
58; 10
58; 7
58; 6
58; 6
58; 6
57; 6
56; 6
57; 6
58; 6
57; 6
58; 6
58; 6
57; 6
58; 7
57; 6
57; 6
57; 6
58; 8
56; 12
58; 20
57; 33
57; 50
58; 62
58; 70
58; 70
57; 61
58; 51
57; 39
57; 34
58; 43
57; 36
58; 37
58; 38
56; 36
58; 33
57; 33
58; 41
58; 47
58; 45
58; 42
58; 44
56; 46
57; 49
57; 50
57; 45
57; 38
57; 31
57; 28
58; 30
56; 24
58; 19
57; 13
57; 14
57; 8
57; 6
58; 6
57; 6
57; 6
56; 6
56; 6
56; 6
58; 6
57; 6
57; 6
57; 6
57; 6
57; 6
56; 6
57; 13
57; 30
57; 49
58; 63
57; 66
57; 56
57; 71
57; 48
57; 39
57; 34
57; 28
58; 26
55; 26
56; 27
57; 29
57; 29
57; 28
57; 31
57; 38
57; 46
55; 46
57; 45
57; 49
57; 49
57; 52
57; 45
57; 38
55; 31
56; 34
58; 32
57; 19
57; 25
57; 12
57; 8
56; 8
56; 6
57; 6
56; 6
57; 6
56; 7
57; 6
57; 6
57; 6
57; 6
57; 8
56; 9
56; 11
56; 6
56; 11
57; 27
57; 50
56; 70
58; 80
56; 83
56; 82
57; 57
57; 69
57; 49
57; 46
56; 46
57; 43
56; 37
56; 31
56; 32
56; 33
57; 38
57; 44
57; 49
57; 54
57; 60
57; 58
56; 59
57; 56
56; 53
57; 46
57; 52
56; 40
56; 34
56; 30
56; 28
56; 21
56; 18
56; 12
56; 12
56; 11
56; 11
55; 8
55; 9
56; 6
56; 6
55; 6
57; 6
55; 6
56; 6
55; 9
56; 11
56; 17
56; 28
57; 47
57; 67
56; 76
56; 78
55; 66
57; 46
56; 55
55; 35
56; 23
56; 20
56; 20
56; 18
56; 23
56; 13
56; 11
56; 24
55; 15
56; 31
56; 32
56; 32
56; 31
56; 33
56; 33
56; 28
55; 33
56; 26
56; 26
57; 20
56; 24
56; 14
55; 9
56; 6
56; 6
54; 6
56; 6
55; 6
55; 6
55; 6
56; 6
55; 6
55; 6
54; 6
56; 6
55; 6
56; 6
56; 10
54; 17
56; 26
56; 35
56; 51
56; 64
56; 75
55; 73
56; 69
54; 57
56; 49
56; 41
56; 36
56; 34
55; 30
55; 27
54; 30
57; 30
55; 29
55; 32
55; 43
55; 49
56; 49
55; 47
54; 48
57; 48
55; 46
56; 39
55; 33
55; 29
55; 25
55; 21
55; 16
55; 8
55; 6
55; 6
55; 6
55; 6
55; 6
55; 6
55; 6
55; 6
55; 6
55; 6
55; 6
55; 6
55; 10
55; 8
55; 7
55; 7
55; 19
55; 12
55; 38
55; 52
55; 26
55; 62
55; 64
55; 61
55; 54
55; 42
55; 34
55; 28
55; 25
55; 26
55; 27
55; 25
55; 27
54; 25
55; 33
55; 39
55; 45
55; 46
55; 48
55; 47
55; 47
55; 49
55; 48
55; 40
54; 32
55; 27
55; 29
55; 28
55; 15
54; 22
54; 6
55; 6
56; 8
55; 6
54; 7
54; 6
55; 6
54; 10
53; 10
53; 12
55; 13
55; 18
54; 23
54; 21
54; 19
53; 22
55; 28
55; 44
54; 56
55; 67
55; 77
55; 81
55; 80
53; 69
53; 56
54; 36
55; 43
54; 36
54; 33
55; 35
55; 31
53; 32
53; 36
55; 38
54; 41
54; 44
54; 47
54; 51
55; 50
54; 48
54; 44
54; 39
53; 36
54; 25
54; 31
54; 19
54; 16
54; 10
54; 6
54; 6
54; 6
53; 6
54; 6
55; 6
54; 6
54; 6
54; 6
54; 6
54; 6
53; 6
53; 6
55; 6
54; 10
54; 11
53; 12
52; 21
54; 35
53; 54
54; 69
54; 67
54; 70
54; 63
54; 60
53; 55
54; 47
54; 40
54; 42
54; 43
54; 30
54; 37
53; 27
53; 34
54; 37
54; 41
54; 40
53; 34
54; 33
53; 31
52; 26
54; 20
53; 15
54; 17
53; 13
53; 9
53; 6
54; 6
53; 6
54; 6
52; 6
54; 6
53; 6
53; 6
53; 6
53; 6
53; 6
53; 6
52; 6
53; 6
53; 6
53; 6
53; 6
53; 6
54; 14
53; 20
53; 28
53; 43
53; 37
53; 44
54; 37
53; 31
54; 27
53; 25
53; 25
53; 23
53; 20
53; 16
53; 17
53; 22
52; 18
53; 26
53; 32
53; 32
53; 24
53; 28
53; 22
51; 21
53; 22
52; 19
53; 15
53; 15
53; 14
53; 15
53; 10
53; 6
53; 6
52; 6
53; 6
52; 7
53; 10
53; 7
53; 6
52; 7
53; 8
51; 6
53; 6
53; 10
53; 16
52; 6
51; 17
53; 20
53; 50
53; 29
53; 70
53; 78
53; 78
52; 71
53; 74
53; 65
52; 54
53; 42
52; 34
52; 40
53; 48
52; 41
52; 48
53; 41
52; 42
52; 47
53; 50
53; 54
52; 52
51; 57
52; 58
53; 53
52; 50
52; 49
52; 48
53; 45
53; 40
51; 36
52; 41
53; 38
51; 40
52; 34
52; 34
51; 41
52; 38
53; 41
53; 34
52; 39
52; 38
52; 39
52; 41
52; 39
53; 39
52; 35
53; 38
52; 38
52; 35
52; 40
52; 54
52; 84
53; 71
53; 87
53; 82
52; 72
53; 64
52; 59
53; 56
52; 47
51; 45
53; 50
52; 53
52; 51
52; 52
52; 49
52; 58
53; 64
53; 64
53; 59
53; 54
52; 56
52; 55
52; 49
53; 44
52; 39
51; 39
53; 38
52; 36
52; 32
52; 25
52; 23
52; 23
52; 20
51; 18
53; 15
52; 18
52; 15
52; 8
52; 6
53; 9
52; 15
53; 15
52; 16
52; 11
52; 40
51; 21
52; 70
52; 60
51; 70
52; 65
52; 59
52; 53
52; 44
52; 33
52; 26
52; 30
51; 32
53; 31
51; 28
52; 30
52; 36
52; 41
53; 42
51; 40
52; 41
53; 41
52; 38
52; 29
52; 22
52; 20
52; 17
51; 17
51; 14
52; 11
52; 10
52; 11
52; 8
52; 11
51; 6
52; 6
52; 6
51; 6
52; 6
52; 6
52; 6
52; 6
52; 6
52; 6
52; 6
50; 6
52; 16
52; 31
52; 36
52; 38
51; 37
51; 33
51; 25
51; 13
52; 6
51; 6
52; 6
51; 6
52; 6
52; 6
52; 6
50; 6
51; 6
51; 6
51; 6
51; 6
51; 9
51; 6
52; 7
52; 6
52; 6
51; 6
51; 6
51; 6
51; 6
52; 6
51; 6
50; 6
52; 6
51; 6
51; 6
51; 6
51; 6
50; 6
51; 6
51; 6
52; 6
51; 6
50; 6
51; 6
51; 6
51; 6
51; 6
50; 6
51; 6
51; 6
52; 27
50; 45
50; 57
51; 58
51; 55
51; 51
50; 45
51; 37
51; 29
49; 24
52; 33
51; 29
51; 34
51; 29
51; 29
51; 31
51; 29
51; 39
49; 36
50; 40
51; 40
50; 37
50; 34
50; 34
50; 33
50; 34
51; 28
50; 26
51; 24
50; 27
50; 33
51; 28
49; 18
50; 12
51; 17
50; 25
51; 23
50; 21
50; 18
51; 18
49; 25
50; 30
50; 31
50; 25
50; 27
50; 28
50; 29
50; 29
49; 30
51; 34
50; 49
50; 61
50; 76
51; 90
50; 86
50; 89
50; 82
51; 73
50; 66
50; 61
50; 58
50; 55
50; 57
49; 51
50; 54
51; 54
50; 52
51; 55
50; 56
50; 59
50; 59
50; 50
50; 52
51; 52
50; 52
50; 53
50; 47
50; 43
50; 40
49; 41
50; 44
50; 43
50; 39
50; 37
50; 35
50; 35
50; 33
48; 35
50; 35
49; 39
50; 43
50; 39
50; 35
50; 37
50; 40
49; 40
51; 37
50; 35
50; 39
50; 51
50; 71
51; 88
50; 92
50; 85
50; 78
50; 72
50; 66
50; 55
50; 49
51; 44
49; 44
50; 42
50; 32
50; 34
50; 36
50; 45
50; 48
50; 44
49; 44
50; 45
51; 45
50; 40
50; 32
50; 26
50; 24
50; 25
49; 21
51; 15
50; 8
50; 8
50; 11
50; 7
50; 6
50; 6
50; 6
50; 6
49; 6
50; 6
49; 6
49; 6
50; 6
50; 6
50; 6
49; 6
50; 6
50; 17
50; 29
50; 31
49; 33
50; 34
51; 30
49; 20
50; 10
49; 6
50; 6
49; 6
49; 6
49; 6
50; 6
49; 6
50; 6
49; 6
50; 6
50; 8
49; 10
48; 10
50; 7
49; 7
49; 6
49; 6
49; 6
49; 6
49; 6
50; 6
49; 6
50; 6
48; 6
49; 6
49; 6
49; 6
49; 6
50; 6
48; 6
48; 6
50; 6
49; 6
49; 6
49; 6
49; 6
49; 13
49; 6
49; 23
49; 36
49; 50
49; 77
50; 69
48; 71
50; 62
49; 55
49; 50
48; 45
49; 42
49; 41
48; 41
49; 40
50; 46
49; 48
49; 48
49; 49
49; 50
50; 56
48; 55
50; 54
49; 55
50; 54
49; 55
49; 50
49; 47
49; 53
48; 55
48; 43
49; 53
49; 33
49; 29
49; 29
49; 33
48; 35
48; 36
50; 33
49; 36
49; 41
49; 49
49; 51
49; 50
48; 48
49; 50
49; 51
49; 50
49; 52
49; 54
49; 53
49; 53
48; 60
49; 73
49; 86
49; 85
49; 74
49; 62
49; 56
49; 55
48; 51
48; 43
49; 39
49; 38
49; 37
49; 39
49; 43
49; 47
47; 50
49; 57
49; 61
49; 63
49; 64
49; 60
49; 58
49; 56
47; 52
50; 47
49; 44
49; 44
49; 41
49; 34
49; 37
48; 36
48; 38
50; 38
49; 35
49; 34
49; 37
49; 34
49; 29
48; 25
49; 21
49; 23
49; 28
49; 30
49; 26
49; 21
49; 21
47; 34
50; 53
48; 59
49; 56
49; 49
48; 44
49; 31
49; 38
47; 25
49; 18
48; 17
49; 14
49; 18
49; 9
49; 6
49; 6
48; 8
49; 10
49; 12
49; 17
48; 13
49; 19
49; 20
47; 12
49; 8
48; 6
48; 6
49; 6
49; 6
48; 6
48; 6
49; 6
49; 6
47; 6
48; 6
48; 6
48; 6
48; 6
48; 6
49; 6
47; 6
48; 6
48; 6
49; 6
48; 6
48; 6
48; 6
48; 6
48; 6
48; 21
48; 40
48; 47
48; 36
48; 32
48; 28
48; 28
48; 18
48; 9
48; 6
48; 6
48; 9
48; 12
48; 10
48; 15
48; 18
48; 24
48; 27
48; 27
48; 23
48; 21
48; 20
48; 19
48; 18
48; 16
48; 14
48; 16
48; 12
48; 6
48; 6
48; 9
48; 10
48; 6
48; 6
48; 6
48; 6
48; 6
47; 6
48; 6
47; 6
48; 6
47; 11
48; 11
48; 12
48; 11
47; 11
48; 25
48; 17
48; 36
48; 50
48; 63
48; 58
46; 61
47; 54
47; 48
47; 45
48; 45
47; 38
47; 38
48; 37
46; 39
48; 39
47; 39
47; 38
47; 42
48; 49
48; 58
47; 58
48; 59
47; 58
48; 63
48; 65
48; 58
47; 52
48; 49
46; 50
48; 52
48; 46
47; 50
47; 39
48; 34
48; 37
47; 37
46; 35
48; 33
47; 31
48; 35
47; 36
47; 37
48; 36
47; 35
47; 38
48; 42
47; 40
47; 41
47; 42
48; 50
48; 61
47; 77
48; 70
48; 81
47; 77
47; 54
47; 67
48; 43
48; 43
47; 41
48; 39
48; 37
48; 50
47; 54
47; 38
48; 43
48; 59
47; 64
46; 66
48; 67
48; 70
48; 70
48; 68
48; 61
48; 58
46; 53
48; 48
47; 44
48; 41
48; 32
47; 37
48; 24
47; 20
46; 22
48; 21
47; 20
47; 13
47; 8
47; 6
47; 8
47; 6
47; 11
48; 10
47; 12
47; 16
47; 19
48; 28
48; 44
46; 57
48; 58
47; 47
48; 38
47; 26
47; 20
47; 12
47; 6
47; 6
48; 6
46; 6
47; 6
47; 6
47; 6
47; 6
47; 6
47; 6
46; 6
48; 6
48; 6
47; 6
46; 6
47; 6
47; 6
47; 6
47; 6
45; 6
48; 6
47; 6
47; 6
47; 6
47; 6
47; 6
46; 6
46; 6
47; 6
47; 6
47; 6
46; 6
47; 6
47; 6
47; 6
45; 6
48; 6
46; 6
47; 18
47; 30
46; 38
47; 43
46; 41
47; 33
47; 23
46; 13
46; 6
46; 6
47; 6
47; 6
47; 6
45; 6
47; 6
46; 6
47; 13
46; 23
47; 27
47; 29
46; 32
46; 35
46; 32
46; 33
47; 33
45; 31
46; 30
46; 27
47; 27
46; 24
46; 21
46; 14
45; 8
47; 10
47; 9
46; 6
45; 6
46; 6
46; 6
46; 6
46; 6
46; 6
46; 6
46; 6
45; 6
46; 6
46; 7
46; 6
46; 6
46; 9
47; 28
46; 39
46; 46
46; 53
46; 45
46; 51
45; 37
46; 33
46; 20
46; 26
46; 15
46; 16
46; 19
46; 26
44; 31
46; 34
45; 34
46; 42
46; 37
46; 52
46; 63
46; 64
46; 56
47; 49
45; 48
46; 55
46; 52
46; 48
46; 44
45; 39
45; 40
46; 39
46; 37
45; 33
46; 30
46; 33
46; 34
44; 37
46; 40
45; 34
45; 34
45; 35
46; 35
46; 34
46; 36
45; 37
45; 35
46; 29
46; 29
46; 43
46; 70
46; 85
46; 86
46; 87
46; 82
45; 74
47; 66
46; 55
45; 49
46; 46
46; 47
44; 46
45; 42
45; 43
46; 47
45; 52
46; 57
46; 56
46; 55
45; 62
46; 60
47; 63
45; 51
46; 51
46; 54
45; 52
46; 56
45; 50
45; 49
46; 48
46; 43
45; 33
45; 39
46; 31
44; 28
46; 26
45; 12
45; 20
45; 9
45; 15
45; 23
46; 24
44; 17
46; 14
45; 25
46; 46
46; 62
45; 75
46; 76
45; 69
45; 62
47; 52
45; 42
45; 33
45; 26
46; 24
46; 19
44; 20
46; 23
45; 37
46; 30
45; 41
45; 44
46; 50
44; 56
46; 56
46; 53
45; 43
45; 36
46; 30
45; 33
45; 35
46; 35
46; 31
44; 32
45; 31
45; 25
45; 20
45; 15
46; 11
45; 16
44; 15
46; 15
45; 18
45; 23
45; 30
45; 34
46; 48
45; 62
44; 73
47; 77
45; 72
45; 59
45; 42
46; 32
46; 28
44; 21
44; 15
46; 8
44; 6
45; 6
45; 7
45; 7
45; 12
45; 15
46; 17
45; 14
45; 10
45; 9
45; 10
45; 11
46; 6
45; 6
46; 6
44; 6
45; 6
46; 6
45; 6
45; 6
45; 6
45; 6
45; 6
44; 6
44; 6
45; 6
45; 6
45; 6
45; 6
45; 15
45; 28
45; 34
45; 38
45; 40
45; 29
45; 36
43; 19
44; 6
45; 9
44; 6
45; 9
45; 13
45; 13
45; 12
43; 15
44; 28
45; 23
45; 28
44; 26
45; 29
45; 34
44; 32
44; 35
45; 28
45; 25
45; 25
44; 24
44; 15
44; 9
44; 6
44; 11
44; 15
44; 14
44; 6
44; 10
45; 7
44; 11
43; 11
45; 8
44; 9
44; 13
44; 16
44; 16
45; 21
44; 27
44; 39
45; 51
44; 60
44; 58
44; 59
44; 54
45; 41
44; 30
43; 27
45; 23
44; 24
44; 25
44; 25
44; 24
44; 24
44; 29
44; 35
45; 36
44; 34
44; 35
44; 40
44; 40
44; 35
43; 31
44; 23
44; 22
44; 18
44; 21
44; 8
44; 6
43; 6
44; 6
44; 6
43; 6
42; 6
44; 6
43; 6
43; 6
43; 6
44; 6
44; 11
43; 7
44; 6
44; 6
43; 6
44; 6
