11; 29
12; 24
11; 22
11; 22
11; 25
11; 25
11; 25
11; 25
11; 25
11; 27
11; 27
11; 26
11; 26
11; 26
11; 28
11; 27
11; 27
11; 26
11; 26
11; 28
11; 28
11; 26
11; 26
11; 26
11; 28
11; 28
11; 27
11; 26
11; 26
11; 28
11; 28
11; 27
11; 26
11; 26
11; 28
11; 28
11; 27
11; 26
11; 26
11; 28
11; 28
11; 27
11; 26
11; 27
11; 29
11; 28
11; 27
11; 26
11; 26
11; 28
11; 28
11; 27
11; 26
11; 27
11; 28
11; 27
11; 26
11; 27
11; 28
11; 28
11; 27
11; 27
11; 27
11; 28
11; 28
11; 27
11; 26
11; 27
11; 28
11; 28
11; 27
11; 26
11; 27
11; 28
11; 29
11; 27
11; 26
11; 27
11; 28
11; 28
11; 27
11; 26
11; 27
11; 28
11; 28
11; 27
11; 26
11; 27
11; 28
11; 28
11; 27
11; 26
11; 26
11; 28
11; 28
11; 27
11; 26
11; 27
11; 28
11; 28
11; 27
11; 26
11; 27
11; 28
11; 28
11; 27
11; 26
11; 26
11; 28
11; 28
11; 27
11; 26
11; 26
11; 28
11; 28
11; 26
11; 27
11; 27
11; 28
11; 28
11; 27
11; 26
11; 27
11; 28
11; 28
11; 27
11; 27
11; 27
11; 28
11; 28
11; 27
11; 26
11; 26
11; 28
11; 28
11; 27
11; 26
11; 27
11; 28
11; 28
11; 27
11; 26
11; 26
11; 28
11; 28
11; 27
11; 26
11; 27
11; 28
11; 28
11; 27
11; 26
11; 27
11; 28
11; 28
11; 27
11; 27
11; 27
11; 28
11; 28
11; 27
11; 26
11; 26
11; 28
11; 28
12; 27
11; 26
11; 26
11; 28
11; 28
11; 27
11; 26
11; 27
11; 28
11; 28
11; 27
11; 26
11; 27
11; 28
11; 28
11; 27
11; 27
11; 27
11; 28
11; 28
11; 27
11; 26
11; 27
11; 28
11; 28
11; 27
11; 26
11; 27
11; 28
11; 28
11; 27
11; 26
11; 27
11; 28
11; 27
11; 27
11; 26
11; 27
11; 28
11; 27
11; 27
11; 26
11; 26
11; 28
11; 28
11; 26
11; 26
11; 27
11; 28
11; 28
11; 27
11; 26
11; 27
11; 28
11; 28
11; 27
11; 26
11; 27
11; 28
11; 28
11; 27
11; 26
11; 27
11; 28
11; 28
11; 27
11; 26
11; 27
11; 29
11; 28
11; 26
11; 26
11; 27
11; 28
11; 28
11; 26
11; 26
11; 27
11; 28
11; 28
11; 27
11; 26
11; 27
11; 28
11; 28
11; 27
11; 26
11; 27
11; 28
11; 28
11; 27
11; 26
11; 27
11; 28
11; 27
11; 27
11; 26
11; 27
11; 28
11; 27
11; 27
11; 26
11; 27
11; 28
11; 28
11; 27
11; 26
11; 27
11; 28
11; 28
11; 27
11; 26
11; 27
11; 28
11; 28
11; 27
11; 26
11; 26
11; 28
11; 27
11; 27
11; 26
11; 26
11; 28
11; 27
11; 27
11; 26
11; 27
11; 28
11; 28
11; 26
11; 26
11; 26
11; 28
11; 27
11; 27
11; 26
11; 27
11; 28
11; 28
11; 27
11; 26
11; 27
11; 28
11; 28
11; 26
11; 26
11; 27
11; 28
11; 28
11; 27
11; 26
11; 27
11; 28
11; 28
11; 27
11; 26
11; 27
11; 28
11; 27
11; 27
11; 26
11; 27
11; 28
11; 27
11; 26
11; 26
11; 27
11; 27
11; 28
11; 27
11; 26
11; 27
11; 28
11; 28
11; 27
11; 26
11; 27
11; 29
11; 28
11; 26
11; 26
11; 27
11; 28
11; 27
11; 27
11; 26
11; 27
11; 28
11; 28
11; 27
11; 26
11; 27
11; 28
11; 28
11; 26
11; 26
11; 26
11; 28
11; 28
11; 27
11; 26
11; 27
11; 28
11; 28
11; 27
11; 26
11; 27
11; 29
11; 27
11; 26
11; 26
11; 27
11; 28
11; 27
11; 27
11; 26
11; 27
11; 28
11; 28
11; 27
11; 26
11; 27
11; 28
11; 27
11; 26
11; 27
11; 26
11; 28
11; 28
11; 27
11; 26
11; 27
11; 28
11; 28
11; 26
11; 26
11; 27
11; 28
11; 28
11; 26
11; 26
11; 27
11; 28
11; 28
11; 26
11; 26
11; 27
11; 28
11; 27
11; 26
11; 25
11; 27
11; 28
11; 28
11; 27
11; 26
11; 27
11; 28
11; 27
11; 27
11; 26
11; 27
11; 28
11; 27
11; 26
11; 27
11; 26
11; 28
11; 27
11; 27
11; 26
11; 27
11; 28
11; 28
11; 27
11; 26
11; 27
11; 28
11; 27
11; 26
11; 27
11; 28
11; 27
11; 28
11; 27
11; 26
11; 27
11; 28
11; 28
11; 27
11; 26
11; 27
11; 28
11; 28
11; 26
11; 26
11; 27
11; 28
11; 28
11; 26
11; 26
11; 27
11; 28
11; 27
11; 26
11; 26
11; 27
11; 28
11; 28
11; 27
11; 26
11; 27
11; 28
11; 28
11; 26
11; 26
11; 27
11; 28
11; 27
11; 26
11; 26
11; 27
11; 28
11; 28
11; 26
11; 26
11; 27
11; 28
11; 27
11; 27
11; 26
11; 26
11; 28
11; 27
11; 26
11; 25
11; 27
11; 28
11; 28
11; 27
11; 26
11; 27
12; 28
11; 28
11; 27
11; 26
11; 27
11; 28
11; 28
11; 26
11; 26
11; 27
11; 27
11; 28
11; 27
11; 27
11; 28
11; 26
11; 28
11; 27
11; 27
11; 27
11; 28
11; 28
11; 27
11; 27
11; 28
11; 30
11; 32
11; 30
11; 31
11; 31
11; 37
13; 36
11; 37
11; 39
11; 39
12; 49
11; 44
11; 52
11; 60
11; 60
11; 68
11; 69
11; 84
13; 90
12; 88
11; 99
11; 103
12; 119
17; 111
11; 114
11; 111
11; 101
15; 116
11; 97
11; 133
14; 158
14; 155
12; 170
11; 173
13; 201
15; 201
12; 201
11; 201
14; 201
14; 201
16; 201
11; 201
15; 201
15; 201
16; 201
11; 201
15; 201
17; 201
15; 201
11; 201
16; 201
18; 201
19; 201
11; 201
19; 201
18; 201
18; 201
18; 201
11; 201
20; 201
14; 201
13; 201
19; 201
22; 201
20; 201
14; 201
22; 201
23; 201
18; 201
18; 201
21; 201
26; 201
12; 201
21; 201
21; 201
24; 201
16; 201
22; 201
23; 201
21; 201
17; 201
24; 201
28; 201
22; 201
19; 201
28; 201
27; 201
17; 201
23; 201
26; 201
29; 201
16; 201
28; 201
25; 201
29; 201
23; 201
27; 201
32; 201
16; 201
27; 201
31; 201
29; 201
24; 201
29; 201
34; 201
28; 201
19; 201
31; 201
30; 201
25; 201
31; 201
36; 201
21; 201
32; 201
33; 201
33; 201
27; 201
33; 201
38; 201
23; 201
34; 201
36; 201
33; 201
34; 201
31; 201
38; 201
28; 201
38; 201
39; 201
28; 201
36; 201
40; 201
36; 201
36; 201
39; 201
35; 201
35; 201
38; 201
40; 201
31; 201
40; 201
30; 201
45; 201
42; 201
43; 201
34; 201
40; 201
45; 201
41; 201
40; 201
44; 201
39; 201
41; 201
43; 201
44; 201
39; 201
44; 201
47; 201
37; 201
49; 201
47; 201
38; 201
48; 201
50; 201
39; 201
47; 201
40; 201
52; 201
50; 201
49; 201
43; 201
50; 201
52; 201
42; 201
49; 201
54; 201
42; 201
55; 201
49; 201
48; 201
52; 201
52; 201
49; 201
55; 201
52; 201
51; 201
56; 201
47; 201
54; 201
58; 201
48; 201
54; 201
59; 201
49; 201
56; 201
61; 201
48; 201
61; 201
55; 201
53; 201
60; 201
58; 201
57; 201
58; 201
63; 201
59; 201
66; 201
51; 201
63; 201
60; 199
56; 201
62; 192
60; 177
60; 185
66; 201
57; 160
63; 201
68; 179
55; 201
67; 201
63; 201
62; 170
67; 201
56; 201
66; 185
69; 186
59; 179
66; 201
68; 162
65; 201
71; 201
57; 183
71; 201
71; 158
64; 201
71; 196
62; 201
69; 197
72; 171
63; 152
71; 195
71; 132
70; 197
77; 158
64; 174
75; 189
68; 121
74; 201
66; 187
75; 124
75; 154
70; 153
78; 160
75; 165
77; 164
67; 135
76; 95
76; 156
82; 114
68; 130
80; 151
71; 86
75; 168
81; 88
71; 157
81; 120
72; 123
79; 138
83; 130
73; 121
83; 155
80; 100
80; 165
86; 117
74; 158
72; 121
85; 163
83; 176
84; 88
79; 178
76; 144
87; 117
85; 111
86; 87
79; 94
89; 106
79; 71
85; 129
82; 122
87; 63
92; 101
89; 122
78; 89
85; 44
87; 135
91; 52
81; 118
91; 72
81; 77
89; 83
91; 77
84; 84
95; 97
85; 35
90; 88
94; 19
87; 65
97; 34
82; 26
95; 59
85; 6
94; 90
94; 6
88; 93
98; 30
86; 76
94; 69
96; 78
94; 127
98; 144
90; 150
100; 182
93; 124
95; 181
98; 122
96; 172
103; 136
90; 132
101; 134
89; 66
101; 102
97; 6
98; 93
101; 6
94; 75
104; 12
93; 58
102; 24
95; 11
102; 14
103; 7
97; 19
105; 21
95; 6
105; 38
101; 6
101; 52
104; 6
103; 53
110; 18
97; 47
109; 37
96; 6
107; 31
96; 6
108; 47
104; 6
106; 63
109; 6
103; 64
112; 6
101; 45
112; 6
100; 43
108; 55
105; 63
110; 97
111; 95
113; 107
104; 94
107; 108
116; 122
105; 71
110; 117
113; 52
113; 102
118; 42
107; 78
105; 51
120; 53
116; 80
104; 22
117; 88
111; 6
115; 98
116; 6
111; 72
120; 6
109; 42
120; 6
108; 17
116; 13
118; 6
116; 12
119; 6
113; 19
121; 25
111; 8
122; 37
114; 6
117; 46
120; 44
121; 6
124; 6
115; 42
127; 30
113; 29
125; 51
112; 8
124; 67
113; 6
124; 102
122; 129
124; 6
120; 144
127; 42
127; 52
119; 119
129; 51
118; 81
128; 48
117; 46
125; 38
123; 10
126; 18
129; 6
124; 15
129; 6
123; 10
130; 20
123; 19
132; 43
122; 12
122; 6
133; 53
128; 63
128; 57
131; 6
133; 6
128; 54
135; 20
138; 39
127; 60
124; 46
139; 54
125; 37
137; 72
123; 19
135; 70
124; 6
137; 78
126; 6
136; 67
128; 6
136; 59
137; 6
134; 49
136; 6
132; 59
139; 6
132; 83
141; 6
131; 78
144; 6
132; 55
142; 6
131; 36
144; 6
131; 16
143; 6
140; 21
130; 24
131; 15
139; 18
137; 7
142; 24
142; 6
140; 15
144; 6
141; 6
143; 6
146; 6
139; 6
149; 201
154; 201
146; 201
149; 201
149; 201
145; 201
147; 201
147; 201
146; 174
145; 65
146; 6
146; 6
144; 6
145; 6
145; 6
145; 6
145; 6
145; 6
145; 6
144; 6
144; 6
143; 6
145; 6
143; 6
144; 6
144; 6
144; 6
144; 6
143; 6
143; 6
144; 6
144; 6
143; 6
143; 6
142; 6
143; 6
142; 6
142; 6
142; 6
142; 6
142; 6
142; 6
142; 6
142; 6
140; 6
142; 6
141; 6
142; 6
142; 6
141; 6
142; 6
141; 6
141; 6
142; 6
141; 6
141; 6
141; 6
141; 6
141; 6
140; 6
140; 6
141; 6
141; 6
141; 6
141; 6
140; 6
140; 6
139; 6
141; 6
140; 6
140; 6
140; 6
140; 6
140; 6
139; 6
138; 6
140; 6
140; 6
140; 6
139; 6
140; 6
140; 6
138; 6
139; 6
139; 6
139; 6
139; 6
139; 6
139; 6
139; 6
138; 6
139; 6
139; 6
139; 6
139; 6
138; 6
139; 6
139; 6
137; 6
139; 6
138; 6
139; 6
138; 6
138; 6
138; 6
137; 6
138; 6
139; 6
137; 6
138; 6
138; 6
138; 6
139; 6
137; 6
138; 6
138; 6
138; 6
138; 6
138; 6
138; 6
136; 6
138; 6
138; 6
137; 6
137; 6
137; 6
137; 6
138; 6
137; 6
137; 6
137; 6
136; 6
137; 6
137; 6
137; 6
137; 6
136; 6
135; 6
137; 6
136; 6
136; 6
136; 6
136; 6
135; 6
136; 6
136; 6
136; 6
136; 6
136; 6
136; 6
136; 6
136; 6
134; 6
136; 6
135; 6
136; 6
136; 6
136; 6
136; 6
135; 6
135; 6
136; 6
135; 6
136; 6
135; 6
136; 6
136; 6
134; 6
135; 6
135; 6
135; 6
135; 6
135; 6
135; 6
136; 6
134; 6
135; 6
135; 6
135; 6
135; 6
134; 6
135; 6
135; 6
134; 6
135; 6
134; 6
135; 6
135; 6
134; 6
135; 6
135; 6
134; 6
135; 6
134; 6
134; 6
134; 6
134; 6
135; 6
134; 6
133; 6
135; 6
134; 19
134; 38
134; 50
133; 52
135; 40
134; 49
134; 35
134; 22
134; 10
134; 6
134; 6
134; 6
134; 6
133; 6
134; 6
134; 6
133; 6
133; 6
133; 6
134; 6
133; 6
133; 6
134; 6
133; 6
133; 6
133; 6
133; 6
134; 6
133; 6
133; 6
133; 6
133; 6
133; 6
133; 6
133; 6
133; 6
131; 6
133; 6
132; 6
133; 6
133; 6
133; 6
133; 6
132; 6
133; 14
133; 31
133; 46
133; 55
132; 44
133; 52
133; 33
132; 24
132; 16
132; 10
133; 6
133; 6
132; 6
132; 6
132; 6
131; 6
132; 6
132; 6
132; 7
132; 6
132; 6
132; 6
131; 6
131; 6
131; 6
132; 6
132; 6
132; 6
131; 6
131; 6
132; 6
130; 6
132; 6
131; 6
131; 6
132; 6
131; 6
131; 12
131; 10
131; 7
131; 10
131; 12
131; 20
131; 15
130; 33
131; 49
131; 59
131; 67
131; 62
131; 51
131; 35
130; 24
129; 17
132; 11
130; 7
130; 6
131; 6
130; 6
130; 8
130; 11
131; 8
130; 22
131; 19
130; 18
130; 14
130; 11
131; 11
129; 15
130; 11
129; 6
130; 8
130; 12
130; 17
130; 15
130; 14
129; 11
131; 12
130; 16
130; 17
130; 6
130; 12
130; 6
129; 8
129; 9
130; 6
130; 7
130; 10
129; 6
130; 6
130; 10
130; 27
129; 62
130; 45
129; 55
129; 44
129; 63
130; 36
129; 23
128; 19
130; 13
128; 7
129; 6
128; 6
129; 6
129; 6
129; 6
129; 6
129; 13
129; 9
129; 9
129; 9
129; 8
129; 12
127; 12
129; 8
129; 7
128; 10
128; 14
128; 16
129; 10
127; 10
128; 14
128; 17
128; 16
128; 18
128; 25
128; 22
128; 25
128; 26
128; 21
128; 22
128; 24
128; 31
128; 32
128; 28
128; 29
128; 37
128; 56
128; 71
128; 79
128; 80
128; 65
128; 75
128; 48
128; 21
128; 36
128; 18
127; 20
127; 16
128; 9
127; 12
128; 13
127; 17
127; 20
127; 19
127; 15
127; 14
127; 12
127; 10
127; 6
127; 6
127; 6
127; 6
127; 6
127; 6
127; 6
127; 6
127; 9
127; 6
127; 8
127; 8
127; 14
127; 19
127; 15
127; 17
126; 16
127; 24
127; 27
127; 26
127; 28
126; 33
127; 47
127; 63
126; 77
127; 79
126; 77
127; 72
126; 56
126; 45
127; 35
126; 27
126; 27
127; 27
126; 25
126; 27
126; 29
126; 37
127; 40
125; 38
126; 36
126; 32
126; 31
126; 29
126; 25
126; 20
126; 18
125; 19
127; 18
126; 18
126; 17
126; 17
126; 24
125; 25
126; 26
125; 22
126; 19
126; 20
126; 23
126; 24
125; 20
126; 21
126; 31
124; 49
126; 67
125; 78
126; 82
125; 79
126; 70
124; 52
125; 34
125; 26
124; 26
125; 23
125; 21
125; 17
125; 13
126; 17
124; 26
125; 24
125; 23
125; 20
125; 17
125; 13
125; 12
125; 7
123; 7
125; 9
124; 10
124; 6
124; 6
125; 6
125; 6
124; 8
125; 6
125; 6
125; 6
125; 6
124; 10
124; 9
125; 8
124; 19
125; 36
125; 57
125; 65
125; 72
124; 68
124; 58
125; 48
123; 36
124; 24
123; 17
124; 12
124; 6
124; 6
124; 6
124; 6
124; 6
125; 10
123; 10
124; 8
123; 6
124; 11
124; 12
123; 7
124; 6
123; 6
122; 6
123; 7
123; 6
123; 6
123; 6
123; 6
124; 9
123; 7
124; 8
123; 9
123; 10
123; 8
123; 7
122; 11
124; 12
123; 16
123; 24
123; 15
123; 39
124; 56
123; 79
123; 83
124; 82
123; 72
123; 59
123; 54
123; 44
123; 26
123; 34
122; 17
123; 16
123; 12
123; 11
123; 10
123; 11
123; 17
122; 17
122; 16
122; 15
122; 12
123; 9
122; 6
122; 6
122; 6
122; 6
122; 6
122; 6
122; 6
123; 6
122; 6
122; 6
122; 7
121; 8
123; 8
121; 9
122; 10
122; 10
122; 10
121; 11
122; 11
122; 12
121; 12
121; 13
121; 13
121; 13
122; 17
122; 31
122; 67
120; 53
122; 77
122; 74
122; 70
122; 55
122; 45
121; 35
120; 34
122; 31
120; 24
122; 15
121; 14
121; 14
122; 16
120; 15
121; 14
122; 14
121; 16
121; 13
121; 10
121; 8
121; 8
120; 9
121; 9
120; 10
121; 10
120; 11
121; 11
121; 11
120; 12
119; 12
120; 19
121; 13
120; 21
120; 20
120; 16
121; 18
120; 22
120; 23
121; 21
120; 18
120; 19
120; 19
121; 19
120; 23
119; 21
120; 30
120; 47
121; 68
120; 85
120; 95
120; 88
121; 82
120; 69
119; 58
120; 45
120; 36
120; 33
120; 30
120; 25
120; 23
118; 27
120; 28
119; 31
120; 31
120; 26
120; 26
120; 32
119; 32
118; 26
119; 21
119; 19
119; 20
120; 21
120; 21
120; 19
119; 17
119; 20
120; 21
120; 20
119; 18
119; 21
119; 26
118; 28
120; 29
119; 21
118; 21
119; 19
119; 22
119; 25
119; 21
119; 21
119; 27
120; 42
118; 57
119; 74
119; 85
119; 92
119; 84
118; 72
118; 56
118; 35
119; 42
118; 24
118; 17
119; 14
119; 15
118; 20
119; 24
119; 30
119; 28
119; 29
118; 32
119; 33
117; 30
117; 27
119; 30
118; 33
119; 35
118; 22
118; 28
119; 19
118; 21
117; 24
119; 25
118; 22
119; 21
118; 27
118; 27
118; 26
117; 24
118; 26
118; 26
118; 26
117; 24
118; 34
118; 25
117; 67
118; 52
119; 73
117; 70
118; 62
118; 52
118; 43
118; 30
118; 21
117; 17
118; 14
117; 12
117; 9
118; 9
118; 16
117; 9
117; 17
118; 16
118; 16
117; 14
117; 13
117; 14
117; 12
118; 9
117; 6
116; 8
118; 9
117; 8
117; 8
116; 6
117; 6
117; 6
117; 6
117; 6
116; 6
116; 6
117; 7
117; 12
117; 8
117; 7
115; 21
117; 43
117; 60
117; 73
117; 72
117; 69
117; 61
116; 49
115; 35
116; 26
117; 22
116; 15
116; 7
116; 10
117; 7
116; 15
116; 18
117; 20
116; 21
116; 19
116; 19
116; 18
116; 16
115; 12
117; 12
115; 15
116; 11
116; 8
116; 13
116; 7
116; 9
115; 12
116; 10
116; 8
116; 9
116; 8
116; 14
116; 15
115; 19
115; 21
116; 24
116; 39
116; 53
116; 60
116; 72
116; 66
114; 65
116; 57
115; 45
115; 31
116; 24
115; 6
115; 11
115; 6
115; 6
115; 6
115; 6
116; 6
115; 7
115; 8
115; 12
115; 12
115; 10
115; 8
115; 10
114; 7
115; 11
115; 8
115; 8
115; 8
113; 9
116; 10
115; 10
115; 11
114; 11
115; 11
115; 12
113; 12
114; 13
114; 13
115; 14
114; 17
114; 14
114; 14
115; 21
114; 39
114; 82
115; 61
115; 81
114; 76
114; 71
115; 62
114; 54
113; 45
115; 41
114; 33
114; 26
114; 18
114; 12
114; 10
114; 11
114; 16
113; 16
115; 16
114; 17
114; 17
114; 14
114; 13
112; 9
114; 10
113; 14
114; 17
114; 13
114; 10
113; 9
114; 11
112; 11
114; 13
113; 13
113; 14
113; 15
113; 17
114; 20
112; 20
113; 20
114; 23
113; 23
113; 23
113; 20
113; 21
114; 28
112; 44
114; 63
112; 80
114; 92
113; 89
113; 88
113; 82
113; 71
111; 60
114; 54
113; 45
113; 26
113; 35
113; 22
113; 17
112; 20
112; 20
113; 18
113; 21
113; 26
113; 27
113; 25
113; 22
112; 21
111; 21
113; 25
113; 25
112; 20
112; 19
112; 20
113; 23
111; 24
112; 20
113; 21
113; 22
112; 25
112; 23
112; 19
112; 20
111; 23
112; 23
111; 24
111; 21
112; 22
112; 30
112; 25
112; 37
112; 53
113; 71
112; 91
112; 96
112; 88
112; 76
112; 65
112; 58
112; 36
111; 48
112; 27
111; 21
112; 18
111; 23
112; 25
111; 21
111; 21
112; 27
111; 30
111; 27
111; 24
112; 22
111; 24
111; 22
112; 21
111; 21
111; 19
111; 25
111; 24
111; 18
111; 16
111; 17
111; 23
111; 23
111; 22
111; 21
111; 21
111; 22
111; 23
110; 17
110; 18
111; 46
111; 30
111; 70
111; 83
111; 86
110; 80
111; 60
111; 71
111; 43
111; 32
111; 21
111; 16
111; 15
110; 15
110; 11
110; 12
111; 17
111; 21
111; 21
111; 22
109; 17
111; 18
111; 17
111; 17
110; 11
110; 7
111; 12
110; 11
110; 9
110; 6
110; 6
110; 7
110; 12
110; 11
111; 9
111; 8
109; 12
109; 13
110; 12
110; 13
110; 29
110; 49
110; 69
111; 79
109; 76
111; 70
111; 63
110; 55
110; 44
109; 22
110; 31
109; 20
109; 18
111; 13
110; 8
110; 12
110; 16
109; 17
110; 18
108; 17
110; 15
110; 9
110; 15
109; 8
109; 6
109; 6
110; 9
108; 10
110; 8
109; 7
109; 7
110; 6
109; 10
109; 6
109; 6
109; 6
110; 8
109; 10
108; 15
109; 46
108; 24
110; 70
109; 85
109; 85
109; 77
109; 68
108; 61
109; 55
109; 51
109; 44
109; 35
109; 24
108; 13
108; 20
107; 12
108; 11
109; 14
108; 14
108; 17
109; 10
108; 14
109; 14
108; 12
108; 9
108; 6
108; 6
107; 6
109; 6
108; 6
108; 6
108; 8
109; 11
107; 12
108; 9
108; 6
108; 6
108; 14
108; 12
108; 16
108; 22
108; 39
108; 14
108; 74
108; 59
108; 82
108; 83
108; 81
108; 71
108; 85
108; 60
108; 53
108; 46
108; 46
107; 37
107; 19
108; 25
108; 19
108; 19
107; 16
107; 17
108; 14
107; 17
107; 17
107; 10
107; 6
107; 6
107; 6
107; 6
107; 6
107; 6
107; 6
107; 6
107; 6
107; 6
107; 6
107; 12
107; 6
107; 12
107; 12
106; 7
107; 8
107; 15
107; 18
107; 17
107; 16
107; 25
107; 63
107; 41
107; 81
107; 84
107; 77
107; 81
107; 74
107; 66
108; 63
107; 50
106; 42
107; 56
106; 34
107; 25
106; 20
106; 24
105; 20
106; 23
106; 19
106; 17
106; 22
107; 23
106; 16
106; 10
106; 7
106; 10
106; 13
106; 10
106; 10
106; 9
105; 14
105; 13
106; 11
106; 9
106; 10
106; 10
106; 14
106; 14
104; 12
105; 12
106; 19
106; 16
106; 19
106; 22
106; 17
106; 44
106; 67
106; 95
106; 88
106; 95
105; 89
106; 81
106; 70
106; 62
106; 53
106; 49
104; 42
105; 26
106; 33
106; 28
106; 30
105; 31
106; 28
106; 23
104; 26
106; 21
105; 22
105; 21
105; 16
105; 12
105; 12
104; 12
105; 10
104; 7
105; 8
105; 13
105; 13
105; 15
104; 13
105; 15
106; 19
105; 19
105; 16
105; 14
105; 18
105; 16
104; 19
105; 27
104; 45
105; 65
105; 84
105; 86
105; 81
105; 74
105; 62
105; 53
104; 46
105; 36
104; 24
104; 13
105; 16
104; 15
103; 15
105; 16
104; 17
104; 19
104; 18
104; 17
105; 13
104; 9
105; 6
104; 11
104; 10
105; 6
104; 6
104; 6
104; 6
104; 6
104; 6
103; 6
104; 6
104; 6
104; 6
103; 6
104; 6
102; 10
104; 12
104; 14
105; 30
104; 51
104; 75
104; 75
103; 82
105; 84
104; 68
104; 61
103; 55
103; 43
103; 38
104; 29
103; 23
102; 15
104; 9
103; 8
103; 11
103; 12
103; 13
104; 14
103; 14
103; 12
104; 15
103; 13
103; 12
103; 6
103; 7
103; 6
103; 7
102; 9
102; 7
103; 8
103; 12
103; 9
103; 10
103; 11
102; 11
103; 13
102; 15
102; 12
103; 19
103; 36
103; 66
102; 87
102; 90
103; 86
103; 84
103; 77
103; 73
103; 53
103; 61
101; 42
102; 27
103; 38
102; 23
102; 15
103; 18
102; 15
103; 17
101; 16
102; 12
103; 14
102; 17
102; 15
102; 8
102; 6
102; 6
102; 6
102; 6
101; 6
102; 6
102; 6
102; 11
102; 12
101; 11
101; 6
102; 6
102; 8
102; 10
101; 7
102; 6
102; 9
100; 19
102; 36
102; 78
102; 57
102; 88
102; 84
101; 77
102; 89
101; 67
102; 61
102; 58
102; 50
102; 39
101; 27
102; 23
100; 18
101; 16
101; 10
101; 8
101; 8
101; 9
101; 10
102; 9
100; 9
101; 6
102; 8
101; 8
102; 6
101; 6
100; 6
101; 6
101; 6
101; 6
100; 7
101; 12
101; 18
101; 8
101; 14
101; 6
99; 9
102; 13
100; 15
100; 13
100; 22
100; 14
101; 61
101; 40
101; 80
102; 87
101; 90
101; 90
101; 76
101; 85
101; 65
100; 60
101; 57
100; 50
101; 40
100; 33
100; 29
100; 30
100; 27
99; 27
100; 24
100; 24
100; 27
100; 27
100; 24
101; 18
100; 19
100; 17
101; 14
100; 12
100; 8
100; 10
100; 10
100; 11
99; 10
100; 11
100; 14
100; 22
100; 25
100; 25
100; 20
98; 24
100; 22
100; 30
98; 44
100; 65
100; 87
100; 98
100; 96
100; 87
99; 73
101; 66
100; 63
100; 53
100; 42
100; 31
100; 26
99; 27
99; 23
99; 24
100; 27
99; 31
99; 34
100; 31
99; 23
98; 20
100; 21
99; 22
99; 20
99; 17
99; 14
99; 13
100; 15
98; 12
99; 9
99; 9
100; 7
99; 14
99; 15
99; 14
99; 13
99; 16
99; 35
99; 22
99; 51
99; 71
99; 86
100; 94
99; 91
98; 84
100; 74
99; 63
99; 52
99; 40
99; 28
99; 17
98; 11
99; 13
99; 13
99; 12
99; 10
99; 13
99; 16
99; 12
99; 6
98; 7
97; 7
98; 14
98; 12
98; 8
98; 6
98; 6
99; 6
98; 7
98; 6
99; 6
98; 6
98; 10
98; 9
97; 7
98; 7
99; 20
98; 67
99; 45
98; 79
98; 84
97; 84
98; 85
98; 67
98; 77
98; 60
98; 57
98; 52
98; 43
98; 34
99; 29
99; 27
98; 26
98; 18
98; 23
98; 19
97; 17
98; 17
98; 12
98; 6
96; 6
98; 6
98; 6
97; 6
97; 6
97; 6
96; 6
98; 6
97; 6
97; 6
97; 6
97; 6
97; 6
97; 6
98; 6
97; 23
98; 51
97; 73
97; 75
97; 78
98; 78
96; 77
98; 73
97; 68
97; 60
97; 49
97; 44
98; 39
97; 32
96; 26
98; 28
95; 29
97; 31
97; 25
96; 18
97; 21
96; 17
97; 12
97; 8
96; 6
97; 6
96; 6
97; 6
96; 6
97; 6
97; 6
96; 6
97; 6
97; 6
96; 6
96; 6
96; 6
96; 7
97; 10
96; 11
96; 26
97; 74
96; 50
97; 83
97; 90
96; 92
97; 94
97; 91
96; 87
96; 82
97; 78
97; 71
96; 61
97; 52
96; 47
96; 42
96; 37
96; 34
96; 28
96; 22
95; 19
96; 16
95; 18
96; 11
95; 6
96; 6
96; 6
96; 6
96; 6
95; 6
96; 6
94; 6
95; 6
96; 6
95; 6
96; 6
96; 6
95; 6
95; 6
96; 6
95; 6
95; 6
95; 16
95; 32
96; 54
95; 75
96; 90
95; 97
96; 100
96; 94
95; 88
96; 87
96; 87
96; 80
95; 69
95; 63
95; 55
96; 49
95; 43
94; 39
95; 40
96; 38
95; 40
95; 37
95; 30
96; 24
94; 17
95; 10
95; 6
94; 6
95; 6
96; 6
95; 6
95; 6
94; 6
95; 6
94; 6
94; 6
95; 6
95; 6
95; 6
95; 6
95; 6
95; 9
94; 28
95; 51
95; 67
95; 76
95; 75
94; 73
95; 69
95; 67
95; 63
94; 60
94; 52
94; 41
95; 40
94; 34
94; 22
94; 26
95; 22
94; 25
94; 25
95; 24
93; 13
94; 19
95; 13
93; 6
94; 6
93; 6
94; 6
94; 6
94; 6
94; 6
94; 6
94; 6
93; 6
93; 6
94; 6
94; 6
94; 6
94; 6
93; 6
94; 7
94; 19
94; 43
94; 66
94; 80
93; 85
94; 89
93; 89
94; 88
94; 86
94; 82
94; 75
93; 67
94; 63
94; 52
94; 45
94; 37
94; 36
94; 34
94; 33
92; 28
94; 26
93; 23
93; 21
93; 18
93; 12
93; 6
93; 6
93; 6
93; 6
93; 6
92; 6
94; 6
93; 6
93; 6
93; 6
93; 6
93; 6
92; 6
93; 6
93; 6
93; 6
93; 6
93; 6
91; 11
93; 12
93; 24
93; 49
93; 86
94; 93
93; 73
93; 92
92; 93
94; 91
92; 85
93; 78
92; 70
93; 61
93; 56
92; 53
93; 37
93; 48
93; 34
92; 35
93; 36
93; 34
92; 33
91; 31
93; 28
92; 27
92; 23
92; 15
92; 8
92; 6
92; 6
92; 6
92; 6
91; 6
93; 6
91; 6
92; 6
92; 6
92; 6
92; 6
91; 6
91; 6
93; 6
92; 6
92; 15
92; 32
91; 57
92; 85
93; 73
92; 94
92; 93
92; 84
92; 76
92; 71
91; 68
93; 60
92; 47
92; 38
92; 34
92; 34
92; 32
91; 28
92; 23
92; 22
92; 25
91; 24
91; 20
92; 14
90; 9
91; 8
91; 6
91; 6
91; 6
91; 6
91; 6
91; 6
91; 6
91; 6
91; 6
91; 6
91; 6
91; 6
91; 6
91; 14
91; 40
91; 59
91; 74
91; 81
92; 81
91; 83
91; 68
91; 79
91; 59
91; 53
91; 48
91; 40
91; 29
91; 34
91; 29
91; 31
91; 28
91; 26
91; 23
91; 24
91; 24
91; 16
90; 9
91; 6
91; 6
91; 6
90; 6
90; 6
90; 6
90; 6
90; 6
90; 6
90; 6
90; 6
89; 6
91; 6
90; 17
90; 38
91; 62
90; 76
91; 87
91; 89
90; 83
90; 79
91; 78
91; 77
90; 72
89; 62
91; 53
90; 48
90; 43
90; 43
90; 38
90; 35
90; 36
89; 37
91; 35
90; 31
90; 26
90; 27
90; 23
90; 19
89; 12
90; 7
90; 6
89; 6
90; 6
90; 6
89; 6
90; 6
90; 6
90; 6
90; 6
90; 8
90; 30
90; 51
90; 63
90; 69
89; 74
90; 78
90; 79
90; 75
90; 73
90; 68
90; 60
90; 55
89; 46
90; 41
89; 37
89; 35
90; 36
90; 33
90; 32
90; 32
89; 35
90; 34
89; 28
90; 25
89; 17
89; 15
90; 14
89; 8
89; 6
89; 6
88; 6
89; 6
89; 6
89; 6
89; 6
89; 6
88; 6
90; 6
89; 14
89; 36
89; 57
89; 72
89; 76
88; 76
90; 71
89; 72
89; 71
89; 65
89; 54
89; 44
88; 42
89; 45
88; 41
89; 39
89; 39
89; 42
89; 42
89; 41
87; 37
89; 36
88; 35
89; 31
89; 22
89; 17
89; 12
89; 7
89; 6
89; 6
88; 6
89; 6
88; 6
89; 6
88; 6
88; 6
89; 6
88; 6
89; 26
89; 62
89; 48
89; 71
89; 76
87; 77
89; 70
87; 65
88; 61
89; 64
89; 50
89; 58
88; 43
87; 37
88; 38
89; 38
88; 36
88; 27
88; 32
89; 27
87; 29
88; 28
89; 23
88; 17
88; 16
88; 13
88; 8
88; 6
88; 6
88; 6
88; 6
86; 6
88; 6
87; 6
88; 6
88; 6
87; 6
88; 10
88; 33
88; 64
88; 52
88; 66
88; 62
88; 57
86; 52
88; 47
87; 42
88; 33
88; 37
88; 27
88; 28
86; 23
87; 23
88; 24
87; 29
87; 30
87; 29
87; 21
87; 25
87; 19
87; 19
88; 11
86; 6
86; 6
87; 6
87; 6
87; 6
87; 6
87; 6
86; 6
86; 6
87; 6
87; 6
87; 6
86; 6
87; 6
87; 21
87; 6
87; 39
87; 55
87; 64
87; 71
86; 74
87; 72
88; 69
87; 67
87; 63
87; 55
87; 50
87; 47
86; 46
87; 43
87; 37
86; 39
87; 39
87; 42
87; 38
87; 34
85; 33
87; 33
86; 32
86; 27
86; 24
86; 23
87; 17
86; 16
86; 13
87; 8
85; 6
87; 6
86; 6
86; 6
86; 6
86; 6
86; 6
87; 6
85; 6
86; 6
87; 6
86; 14
87; 34
85; 52
87; 76
86; 65
86; 84
86; 87
86; 86
86; 82
86; 75
85; 73
86; 67
86; 58
86; 51
86; 47
86; 45
86; 43
86; 37
86; 40
87; 37
86; 39
86; 38
86; 32
86; 28
86; 24
85; 21
85; 19
87; 11
84; 6
86; 6
85; 6
85; 6
85; 6
85; 6
86; 6
84; 6
85; 6
86; 6
85; 6
85; 6
85; 6
85; 6
85; 6
84; 6
86; 6
85; 33
85; 57
86; 69
85; 78
85; 81
84; 85
85; 82
85; 75
85; 68
85; 59
86; 56
85; 51
85; 45
85; 40
85; 39
85; 37
85; 41
85; 40
85; 40
84; 40
86; 40
85; 38
85; 33
85; 25
85; 19
86; 14
85; 6
84; 12
85; 6
85; 6
83; 6
84; 6
84; 6
84; 6
85; 6
85; 6
84; 6
84; 6
85; 6
84; 6
85; 19
85; 41
83; 57
85; 70
84; 76
85; 77
84; 77
84; 69
84; 63
85; 56
83; 49
85; 40
84; 25
84; 18
84; 13
84; 13
84; 16
84; 15
83; 15
85; 20
84; 21
85; 19
84; 13
84; 7
84; 6
84; 6
84; 6
84; 6
82; 6
85; 6
83; 6
84; 6
83; 6
83; 6
84; 6
83; 6
82; 6
84; 6
83; 6
84; 39
84; 12
82; 63
84; 74
83; 80
84; 83
84; 85
84; 85
84; 78
83; 71
82; 62
84; 54
83; 47
83; 38
83; 35
84; 33
84; 37
82; 37
83; 36
84; 32
83; 28
83; 29
83; 26
83; 21
83; 16
82; 15
82; 6
84; 10
83; 6
83; 6
83; 6
83; 6
83; 6
83; 6
83; 6
81; 6
83; 6
83; 6
83; 6
83; 6
83; 27
83; 6
83; 53
83; 73
83; 86
83; 92
83; 91
83; 91
82; 85
83; 80
82; 77
83; 72
83; 64
82; 54
82; 37
83; 45
82; 34
83; 32
83; 30
82; 28
82; 29
82; 32
82; 28
81; 22
82; 32
82; 18
83; 19
82; 12
82; 6
82; 6
82; 6
82; 6
82; 6
82; 6
82; 6
81; 6
82; 6
82; 6
82; 6
82; 6
82; 6
82; 37
82; 11
82; 56
82; 65
83; 74
83; 82
81; 83
82; 77
82; 72
82; 68
82; 67
82; 60
81; 55
81; 50
81; 48
82; 49
82; 50
82; 48
82; 47
82; 51
82; 54
81; 54
82; 46
82; 40
82; 39
82; 33
82; 35
82; 28
82; 20
80; 13
82; 13
81; 8
82; 6
82; 6
81; 7
82; 8
81; 6
81; 6
82; 11
82; 33
82; 53
82; 65
81; 70
82; 71
81; 72
81; 72
82; 72
82; 69
81; 65
81; 59
82; 55
82; 48
80; 40
82; 39
81; 40
82; 42
81; 39
81; 42
81; 34
81; 34
80; 31
82; 28
81; 23
81; 14
81; 8
81; 6
81; 6
81; 6
81; 6
81; 6
80; 6
81; 6
81; 6
81; 6
81; 6
81; 13
80; 25
82; 33
81; 42
81; 55
81; 48
81; 53
80; 49
81; 50
81; 45
81; 43
81; 38
80; 31
81; 30
81; 28
81; 31
79; 31
81; 30
80; 23
81; 22
81; 21
80; 20
81; 15
80; 12
79; 9
81; 8
79; 6
81; 6
80; 6
80; 6
80; 6
80; 6
80; 6
80; 6
80; 14
80; 36
80; 57
80; 48
81; 59
80; 61
81; 61
80; 59
80; 52
80; 51
80; 48
81; 44
80; 41
79; 36
81; 35
80; 39
80; 44
80; 45
80; 41
80; 38
79; 36
81; 38
81; 37
80; 32
80; 28
80; 28
80; 29
80; 24
78; 16
80; 10
80; 8
79; 9
79; 12
79; 13
80; 15
80; 25
79; 45
80; 56
79; 58
80; 64
80; 67
80; 66
80; 61
79; 56
79; 52
79; 51
80; 52
80; 46
79; 38
79; 35
80; 33
78; 38
80; 37
79; 37
79; 36
79; 34
79; 34
80; 27
79; 31
79; 24
79; 20
79; 22
79; 18
79; 16
79; 9
79; 13
79; 9
79; 6
79; 6
78; 6
79; 19
79; 6
79; 30
80; 40
79; 43
80; 51
78; 46
79; 49
79; 47
79; 43
79; 42
80; 39
78; 34
78; 29
79; 24
79; 24
79; 25
79; 24
79; 22
79; 22
78; 21
79; 22
80; 18
79; 14
79; 11
79; 10
78; 9
78; 6
78; 6
79; 6
78; 6
78; 6
79; 6
78; 6
78; 6
78; 6
79; 6
79; 6
79; 6
77; 6
79; 17
79; 37
78; 42
79; 30
79; 42
78; 47
78; 45
78; 44
79; 39
78; 41
79; 38
77; 35
79; 29
78; 24
79; 20
78; 16
78; 14
79; 14
78; 11
77; 9
79; 11
78; 11
78; 9
78; 6
78; 8
79; 7
77; 13
78; 10
78; 6
78; 6
77; 6
78; 6
78; 6
78; 6
77; 6
78; 6
77; 6
77; 6
77; 6
77; 6
77; 6
78; 15
78; 33
78; 46
78; 57
78; 65
78; 74
78; 71
77; 70
78; 67
78; 65
78; 63
77; 58
77; 50
77; 48
77; 46
77; 44
78; 43
78; 39
77; 35
78; 34
77; 35
77; 31
77; 27
78; 23
77; 21
77; 24
77; 18
77; 15
77; 7
77; 6
77; 6
77; 6
77; 6
77; 6
77; 6
77; 6
77; 6
77; 6
77; 6
77; 6
77; 6
77; 6
75; 6
76; 21
77; 35
77; 46
77; 55
76; 56
77; 56
77; 59
77; 57
77; 60
77; 55
76; 52
77; 48
77; 47
77; 44
77; 39
77; 38
76; 40
77; 46
77; 47
76; 42
76; 39
77; 40
78; 40
76; 38
76; 30
77; 27
76; 34
76; 23
75; 28
77; 19
76; 12
76; 9
76; 6
76; 6
76; 6
76; 6
77; 6
75; 6
76; 6
76; 6
76; 11
76; 25
76; 39
75; 48
77; 54
76; 57
76; 59
76; 57
76; 55
76; 52
76; 48
75; 44
76; 39
75; 35
75; 31
76; 33
76; 36
76; 40
77; 39
76; 36
77; 34
75; 33
76; 32
75; 27
76; 25
76; 23
75; 21
75; 20
75; 17
75; 11
76; 6
76; 6
75; 6
75; 6
75; 6
75; 6
75; 6
75; 17
76; 6
75; 30
76; 44
75; 56
74; 62
76; 67
75; 65
76; 62
75; 61
75; 60
76; 52
74; 44
75; 37
76; 34
75; 35
75; 33
75; 30
74; 38
75; 31
75; 36
75; 35
75; 29
75; 27
75; 23
75; 22
75; 20
75; 15
76; 12
74; 6
75; 8
75; 6
75; 6
75; 6
75; 6
75; 6
75; 6
75; 20
75; 6
74; 36
75; 47
75; 51
75; 52
73; 53
75; 55
74; 55
75; 49
75; 42
75; 41
75; 38
75; 38
73; 34
75; 34
74; 33
74; 32
75; 33
74; 34
75; 33
73; 32
74; 29
75; 29
74; 25
74; 21
74; 16
74; 12
74; 6
75; 12
74; 6
74; 6
74; 6
73; 6
74; 6
74; 6
74; 15
74; 42
73; 30
75; 49
74; 50
74; 50
74; 52
74; 54
74; 52
73; 50
75; 48
74; 43
74; 41
74; 33
74; 27
74; 27
73; 30
75; 30
74; 33
74; 28
74; 30
74; 29
74; 33
74; 27
73; 22
74; 19
74; 20
74; 17
73; 11
73; 14
74; 6
73; 6
73; 6
74; 6
73; 6
73; 6
74; 6
74; 15
74; 6
74; 26
72; 35
74; 49
73; 57
73; 55
73; 53
73; 51
74; 53
73; 52
73; 47
74; 44
73; 42
73; 39
73; 38
73; 34
74; 32
72; 34
74; 36
73; 36
73; 38
73; 34
73; 33
73; 37
73; 35
72; 30
74; 28
73; 21
73; 20
73; 18
73; 15
73; 9
73; 6
72; 9
74; 7
71; 6
72; 6
73; 22
73; 6
73; 9
72; 32
72; 52
73; 44
73; 56
73; 53
73; 45
73; 41
73; 37
72; 37
73; 35
72; 31
73; 28
73; 29
73; 30
73; 36
73; 33
71; 37
72; 36
73; 38
73; 35
72; 31
72; 23
72; 23
72; 21
73; 18
73; 14
72; 10
72; 6
72; 6
72; 6
72; 6
72; 6
72; 6
72; 6
71; 6
72; 6
72; 6
72; 9
73; 23
71; 34
72; 39
73; 42
72; 45
72; 48
72; 46
72; 40
73; 45
71; 41
72; 38
72; 35
72; 30
72; 29
72; 26
72; 29
71; 31
70; 31
72; 28
72; 27
72; 22
72; 19
72; 16
72; 16
71; 14
71; 13
71; 14
71; 10
71; 7
71; 6
72; 6
72; 6
72; 6
72; 6
72; 6
71; 6
71; 6
72; 16
71; 8
72; 31
71; 44
72; 54
71; 61
71; 59
71; 62
71; 61
72; 61
71; 57
71; 54
71; 53
70; 46
72; 49
71; 44
72; 40
70; 39
71; 37
72; 44
70; 46
71; 43
71; 40
71; 37
71; 36
70; 27
72; 34
70; 25
70; 24
71; 21
71; 17
71; 12
71; 10
71; 7
71; 6
71; 6
69; 6
70; 6
71; 6
71; 6
70; 6
71; 6
72; 10
70; 6
70; 26
71; 46
71; 36
71; 53
71; 63
70; 64
71; 62
71; 58
71; 59
71; 58
70; 55
71; 49
71; 45
71; 41
71; 44
70; 42
70; 39
70; 39
70; 37
71; 38
70; 37
69; 38
71; 36
70; 32
70; 32
70; 30
71; 21
70; 25
69; 16
70; 14
70; 16
70; 12
71; 6
70; 6
70; 6
70; 6
70; 6
70; 6
70; 6
69; 6
70; 6
71; 11
70; 6
70; 30
69; 44
71; 52
70; 60
70; 64
70; 64
70; 64
69; 54
70; 60
70; 46
71; 44
70; 42
70; 39
70; 35
70; 36
70; 39
68; 41
70; 42
69; 37
70; 36
70; 38
70; 40
70; 38
69; 34
69; 29
70; 26
70; 23
69; 21
69; 14
69; 11
69; 8
69; 6
69; 6
70; 6
68; 6
69; 6
70; 6
69; 6
69; 6
68; 11
69; 6
70; 31
69; 45
69; 52
69; 58
69; 58
68; 54
70; 59
69; 50
70; 48
69; 48
69; 48
69; 41
69; 34
70; 33
68; 36
69; 40
69; 41
69; 37
69; 35
69; 37
69; 36
69; 34
68; 32
69; 28
69; 26
69; 23
69; 14
69; 18
69; 11
68; 11
68; 10
69; 6
67; 6
68; 6
70; 6
68; 6
68; 6
68; 6
68; 6
69; 25
69; 6
69; 39
69; 48
69; 52
68; 57
68; 60
69; 59
68; 54
68; 53
68; 49
68; 48
69; 42
68; 37
69; 37
67; 34
68; 35
68; 32
68; 32
68; 32
69; 33
67; 33
68; 31
68; 23
68; 21
68; 23
68; 18
68; 13
68; 11
68; 6
69; 6
67; 6
68; 6
68; 6
68; 6
68; 6
68; 6
68; 6
68; 6
67; 6
68; 10
68; 24
68; 36
68; 43
68; 53
67; 58
69; 64
67; 61
68; 57
68; 56
68; 54
68; 50
67; 45
67; 39
68; 33
68; 34
68; 30
67; 29
68; 29
68; 32
67; 34
68; 33
66; 34
67; 30
68; 25
68; 23
68; 22
67; 19
67; 10
66; 14
67; 8
67; 8
67; 6
67; 6
67; 6
67; 6
67; 6
67; 6
66; 6
68; 6
67; 14
67; 27
68; 40
66; 46
68; 50
67; 56
68; 56
67; 55
67; 57
67; 55
68; 57
66; 56
68; 51
67; 46
67; 48
67; 46
67; 44
67; 43
67; 40
66; 41
67; 41
68; 42
67; 36
67; 32
67; 26
67; 26
66; 24
67; 20
67; 18
67; 16
67; 14
67; 12
67; 9
67; 6
67; 6
67; 6
66; 7
67; 7
67; 6
66; 6
66; 6
66; 30
66; 40
66; 16
67; 49
67; 59
67; 61
67; 54
67; 59
65; 51
67; 53
67; 53
66; 48
66; 42
66; 37
66; 39
66; 38
66; 36
66; 34
66; 36
67; 33
66; 36
66; 33
66; 30
67; 26
66; 24
66; 22
66; 21
66; 19
66; 18
66; 16
66; 12
66; 7
65; 6
66; 6
66; 6
66; 7
66; 6
66; 6
65; 12
66; 6
65; 27
67; 39
66; 48
66; 53
66; 59
66; 53
66; 59
66; 56
66; 54
67; 52
66; 49
66; 43
66; 36
66; 31
65; 32
66; 34
66; 29
65; 29
66; 30
66; 31
66; 31
66; 29
65; 28
65; 26
66; 26
65; 22
65; 16
66; 11
66; 8
65; 6
65; 6
65; 6
66; 6
64; 6
66; 6
65; 6
66; 10
66; 19
64; 26
66; 37
65; 45
65; 48
65; 46
65; 45
66; 46
66; 46
64; 41
66; 39
65; 34
65; 36
65; 33
65; 39
66; 31
64; 30
66; 32
65; 31
65; 31
65; 32
65; 31
65; 30
65; 30
64; 28
66; 24
65; 20
65; 20
65; 13
64; 6
65; 7
65; 6
65; 6
65; 6
65; 6
65; 6
65; 6
65; 18
65; 29
65; 35
65; 44
65; 51
65; 56
65; 54
65; 57
65; 49
65; 50
65; 51
64; 41
65; 48
65; 38
64; 35
65; 35
65; 33
65; 35
65; 36
65; 33
64; 33
64; 30
64; 27
64; 26
64; 25
65; 25
64; 20
64; 10
64; 10
64; 14
64; 10
64; 6
64; 6
64; 6
64; 6
65; 6
63; 6
63; 6
64; 6
64; 6
65; 18
64; 30
65; 37
65; 44
64; 57
64; 52
64; 55
64; 52
65; 50
63; 51
65; 54
64; 50
64; 50
64; 47
64; 45
65; 46
64; 46
63; 44
65; 43
64; 44
64; 44
64; 37
64; 41
64; 33
63; 32
65; 32
64; 35
64; 27
64; 21
64; 15
64; 17
64; 11
62; 8
64; 6
63; 6
62; 6
63; 9
63; 6
63; 6
62; 15
64; 6
64; 24
63; 33
64; 43
64; 54
63; 62
63; 60
63; 55
62; 52
64; 49
63; 46
63; 43
63; 39
63; 32
64; 28
63; 30
62; 28
64; 28
63; 25
63; 25
63; 28
63; 26
63; 25
62; 20
64; 19
62; 22
63; 14
63; 10
63; 9
63; 7
63; 6
63; 6
63; 6
63; 6
62; 6
63; 6
62; 7
63; 6
61; 13
64; 27
63; 6
63; 36
63; 42
63; 48
63; 49
63; 49
63; 46
62; 42
63; 38
63; 39
63; 38
63; 36
63; 34
63; 34
62; 36
63; 37
62; 39
63; 36
63; 36
63; 36
63; 37
63; 31
61; 27
63; 22
62; 20
62; 22
62; 19
62; 15
63; 14
63; 16
62; 13
63; 10
61; 6
63; 6
62; 6
62; 8
62; 12
61; 20
63; 30
62; 39
63; 44
62; 48
62; 51
63; 53
62; 53
61; 51
63; 48
62; 44
62; 38
62; 37
62; 38
63; 34
62; 31
61; 29
63; 34
62; 37
62; 37
62; 32
62; 25
62; 23
60; 15
62; 20
62; 10
61; 6
62; 6
62; 6
62; 6
62; 6
62; 6
62; 6
62; 6
62; 6
62; 6
61; 6
62; 6
61; 6
61; 6
62; 6
62; 15
62; 27
62; 39
62; 46
61; 46
62; 47
60; 50
62; 53
61; 49
62; 44
61; 38
62; 42
61; 32
61; 26
62; 24
62; 36
62; 27
61; 24
61; 29
61; 30
62; 29
60; 29
61; 29
61; 26
61; 24
61; 19
61; 18
61; 18
60; 9
61; 12
62; 9
60; 8
61; 9
61; 11
61; 7
61; 6
61; 6
61; 6
61; 6
60; 8
61; 9
61; 11
61; 17
61; 25
60; 37
62; 49
62; 55
61; 60
61; 63
61; 61
61; 56
60; 59
61; 57
61; 54
60; 50
61; 43
61; 43
61; 42
61; 42
60; 37
60; 40
60; 40
60; 39
61; 34
61; 30
61; 27
61; 26
60; 26
60; 22
61; 20
61; 14
61; 13
60; 14
60; 10
61; 6
60; 6
61; 6
60; 6
59; 6
60; 6
61; 6
61; 6
60; 6
60; 6
60; 6
61; 8
60; 21
60; 34
60; 43
60; 49
61; 50
60; 54
60; 51
60; 44
60; 41
60; 38
60; 37
60; 35
60; 31
58; 31
61; 34
60; 39
60; 36
60; 37
60; 36
59; 37
60; 36
60; 35
61; 29
60; 25
60; 22
60; 25
60; 22
60; 20
60; 7
59; 11
59; 6
60; 6
60; 7
60; 8
59; 11
59; 17
58; 13
60; 14
59; 40
60; 30
59; 21
60; 49
59; 55
59; 55
59; 60
61; 57
60; 53
60; 51
59; 49
60; 45
60; 44
58; 44
59; 38
60; 34
59; 36
60; 40
59; 43
60; 40
60; 36
58; 36
60; 35
59; 31
59; 27
59; 24
59; 25
60; 24
58; 19
60; 15
60; 13
59; 13
59; 13
59; 12
59; 11
60; 10
58; 10
59; 16
59; 21
59; 27
59; 34
59; 42
59; 50
59; 53
58; 51
58; 47
60; 48
59; 50
59; 52
58; 46
59; 35
59; 39
59; 34
59; 33
59; 34
59; 34
59; 35
59; 38
59; 39
58; 34
57; 28
58; 25
58; 23
59; 21
58; 20
58; 16
59; 13
58; 15
58; 10
58; 7
57; 6
59; 6
58; 8
58; 10
58; 6
58; 6
58; 13
57; 27
59; 39
59; 46
59; 53
59; 54
58; 55
59; 58
59; 54
58; 52
58; 53
58; 52
59; 50
58; 45
59; 46
58; 45
59; 45
58; 42
58; 41
58; 39
58; 36
59; 39
57; 39
58; 35
58; 31
58; 32
58; 29
58; 23
58; 26
58; 20
56; 19
58; 16
57; 16
58; 11
58; 15
58; 12
58; 16
58; 15
57; 15
59; 20
58; 29
59; 38
58; 42
58; 47
58; 49
58; 53
58; 55
58; 51
58; 46
58; 44
58; 44
58; 45
58; 38
58; 36
59; 34
58; 35
58; 37
58; 39
58; 34
58; 32
58; 32
58; 33
58; 33
58; 30
58; 30
58; 29
58; 30
58; 26
58; 24
58; 21
58; 17
56; 16
57; 14
58; 12
57; 11
58; 15
57; 17
56; 21
59; 26
57; 33
57; 40
58; 47
57; 48
58; 45
57; 42
58; 40
58; 39
57; 41
58; 39
57; 37
58; 35
58; 33
58; 28
57; 26
57; 27
57; 27
57; 29
57; 31
58; 28
56; 18
57; 22
57; 19
57; 18
57; 15
57; 10
57; 10
58; 10
57; 7
57; 6
56; 6
56; 6
57; 6
57; 6
57; 6
56; 10
57; 6
57; 22
57; 28
57; 33
57; 40
57; 48
57; 52
56; 45
57; 49
57; 44
55; 47
57; 47
57; 40
57; 31
57; 29
56; 34
57; 35
58; 34
57; 32
57; 31
56; 31
57; 33
57; 30
57; 19
55; 23
56; 20
57; 18
56; 14
56; 10
57; 10
57; 9
56; 6
56; 6
56; 6
57; 6
57; 6
56; 8
56; 10
57; 8
55; 11
57; 20
56; 29
56; 35
56; 40
56; 44
57; 48
57; 52
55; 51
57; 51
56; 52
56; 55
56; 54
56; 49
56; 43
57; 41
56; 42
57; 43
56; 37
56; 36
56; 35
56; 35
57; 35
57; 32
57; 30
56; 28
56; 27
56; 26
56; 24
55; 19
56; 16
56; 16
57; 15
55; 13
56; 9
56; 6
56; 8
56; 9
55; 7
55; 7
57; 7
55; 12
56; 19
56; 28
56; 36
56; 45
55; 52
55; 52
57; 49
56; 46
56; 42
56; 42
56; 39
56; 39
56; 35
54; 33
56; 35
56; 33
56; 31
55; 31
56; 29
55; 31
55; 32
54; 27
55; 23
56; 20
56; 19
55; 21
56; 17
54; 15
56; 15
55; 17
55; 15
55; 9
55; 6
55; 6
55; 6
55; 6
56; 6
56; 6
55; 6
55; 6
55; 6
55; 15
55; 22
54; 29
56; 39
56; 40
55; 42
55; 42
55; 41
55; 42
55; 37
53; 31
55; 28
55; 25
55; 28
55; 25
55; 24
55; 26
55; 26
54; 29
56; 30
55; 28
55; 25
54; 21
55; 22
55; 19
54; 19
55; 17
55; 14
55; 16
55; 15
54; 12
55; 8
54; 6
54; 6
54; 10
54; 7
54; 6
55; 6
54; 8
55; 10
54; 16
53; 29
55; 36
54; 47
54; 53
54; 57
54; 56
55; 51
55; 52
54; 51
55; 48
54; 47
53; 45
54; 44
55; 44
55; 41
54; 39
54; 40
54; 39
55; 37
53; 35
54; 36
54; 36
55; 35
54; 36
55; 29
53; 24
54; 25
53; 25
54; 21
54; 16
53; 13
55; 16
54; 14
54; 12
54; 9
54; 6
54; 10
54; 13
52; 11
54; 18
54; 36
54; 26
54; 45
54; 50
54; 48
54; 48
52; 47
54; 46
53; 44
54; 42
54; 39
54; 42
54; 40
52; 42
55; 42
54; 47
54; 52
53; 44
54; 52
54; 47
54; 50
54; 45
54; 44
54; 39
53; 34
53; 31
54; 24
53; 26
53; 20
53; 15
53; 9
53; 8
53; 10
53; 10
53; 7
53; 6
53; 10
53; 6
53; 20
54; 36
53; 26
53; 38
53; 44
53; 46
53; 40
53; 35
53; 35
53; 35
53; 30
53; 28
53; 27
53; 27
53; 26
53; 24
53; 21
53; 22
53; 21
53; 24
53; 24
53; 22
53; 18
53; 19
53; 21
53; 18
53; 12
53; 8
53; 6
53; 7
52; 6
53; 6
54; 6
53; 6
53; 6
53; 6
51; 8
52; 17
53; 28
53; 38
53; 45
54; 46
53; 48
52; 51
53; 52
53; 53
53; 49
53; 45
53; 43
53; 45
53; 42
51; 37
53; 33
53; 34
53; 35
53; 34
53; 32
53; 32
52; 30
53; 28
53; 31
52; 27
53; 24
53; 27
53; 26
52; 24
52; 22
52; 16
53; 16
52; 12
52; 8
52; 17
52; 9
52; 12
52; 16
53; 22
52; 27
53; 33
53; 40
52; 48
52; 50
52; 50
53; 51
53; 50
53; 45
51; 48
52; 41
53; 38
52; 41
53; 43
52; 42
52; 37
51; 36
52; 35
52; 39
52; 36
52; 35
52; 33
53; 33
52; 35
51; 31
52; 26
52; 22
52; 22
52; 23
52; 20
52; 21
51; 16
52; 18
50; 19
52; 16
52; 14
52; 18
52; 27
52; 36
51; 41
53; 42
50; 43
52; 45
52; 48
52; 46
52; 44
52; 40
51; 40
53; 38
52; 36
52; 35
52; 36
52; 39
52; 41
50; 40
51; 39
52; 38
52; 39
52; 41
52; 36
52; 33
52; 30
50; 32
52; 31
51; 27
52; 24
51; 20
51; 20
52; 23
51; 19
52; 19
52; 21
51; 19
52; 19
51; 22
51; 32
52; 41
52; 48
52; 51
52; 48
52; 45
51; 39
51; 39
52; 39
52; 36
50; 31
52; 29
51; 28
51; 27
51; 24
51; 23
51; 23
50; 28
52; 26
51; 27
52; 19
51; 14
51; 14
51; 17
51; 17
51; 13
50; 10
52; 8
50; 6
50; 6
51; 6
51; 6
51; 6
51; 6
50; 8
51; 9
51; 24
51; 13
51; 35
51; 41
52; 43
50; 46
50; 45
51; 41
51; 36
51; 32
51; 34
51; 32
51; 34
49; 31
51; 28
51; 29
50; 26
51; 27
51; 28
51; 27
51; 29
50; 27
52; 26
50; 23
51; 17
51; 22
51; 16
51; 16
50; 11
50; 14
51; 9
50; 6
51; 6
50; 6
50; 6
50; 6
49; 8
51; 10
50; 11
50; 14
50; 19
50; 29
51; 36
50; 40
49; 42
51; 41
50; 44
50; 46
50; 41
50; 40
51; 40
50; 38
51; 39
51; 36
50; 33
50; 33
51; 34
50; 35
51; 34
49; 33
51; 34
50; 31
50; 34
50; 25
50; 20
50; 16
50; 17
49; 14
50; 9
50; 6
48; 6
50; 6
50; 6
50; 6
50; 6
50; 6
50; 6
49; 10
50; 8
49; 10
50; 14
50; 25
49; 39
50; 35
51; 44
49; 47
50; 49
50; 51
50; 44
50; 46
49; 43
49; 43
51; 41
50; 37
50; 37
49; 35
50; 36
50; 37
50; 34
48; 35
49; 33
50; 34
50; 33
50; 32
50; 29
50; 27
48; 27
50; 25
49; 19
49; 18
50; 17
49; 17
50; 15
49; 13
49; 11
49; 17
50; 14
49; 20
49; 20
49; 21
50; 20
48; 19
49; 25
50; 28
50; 34
49; 36
49; 40
49; 43
50; 40
48; 39
49; 41
50; 38
49; 41
49; 37
49; 34
50; 31
49; 31
48; 32
50; 32
49; 34
49; 36
49; 35
49; 38
50; 31
49; 27
48; 29
50; 27
49; 30
49; 25
49; 21
49; 21
49; 20
47; 17
49; 12
48; 10
49; 10
49; 13
49; 12
49; 13
48; 16
50; 33
48; 23
49; 40
49; 41
49; 43
49; 45
49; 45
49; 46
48; 44
49; 40
48; 36
49; 32
49; 27
48; 29
49; 27
48; 28
48; 24
49; 28
49; 27
48; 24
49; 22
49; 18
49; 14
48; 11
48; 10
49; 9
48; 11
48; 8
49; 6
48; 6
48; 6
48; 6
49; 6
48; 6
48; 6
49; 6
48; 16
49; 24
48; 30
47; 36
49; 42
48; 47
48; 49
48; 47
48; 45
48; 42
47; 43
48; 41
47; 36
48; 33
48; 28
48; 27
48; 31
49; 31
48; 28
48; 28
48; 28
48; 28
48; 20
48; 23
48; 17
48; 18
47; 19
48; 18
47; 15
48; 17
48; 17
48; 18
48; 18
49; 29
47; 21
48; 22
48; 37
48; 40
48; 43
48; 45
48; 49
47; 52
47; 49
47; 46
47; 41
48; 41
48; 37
48; 30
48; 25
46; 25
47; 31
48; 30
48; 31
47; 30
48; 30
48; 33
47; 34
47; 29
48; 26
47; 22
48; 23
48; 20
47; 17
48; 15
47; 15
46; 18
48; 19
48; 22
47; 29
47; 36
47; 43
48; 49
47; 51
47; 50
48; 48
47; 47
48; 48
47; 45
47; 46
48; 44
46; 43
48; 42
47; 37
47; 33
48; 33
48; 32
48; 33
47; 28
47; 29
48; 27
47; 27
47; 29
47; 27
47; 24
47; 25
47; 23
47; 19
48; 17
47; 17
47; 16
47; 17
47; 22
47; 27
46; 34
47; 41
47; 48
47; 51
47; 53
47; 50
47; 49
46; 48
48; 46
47; 49
46; 45
47; 42
47; 40
47; 41
47; 38
46; 37
46; 36
48; 39
47; 35
47; 34
47; 31
47; 34
46; 32
47; 32
47; 31
47; 26
47; 22
46; 20
47; 20
47; 15
47; 17
45; 16
47; 18
46; 20
47; 27
47; 28
47; 36
47; 40
46; 43
46; 39
47; 36
48; 38
47; 36
47; 34
47; 31
47; 25
45; 26
47; 23
47; 25
46; 22
46; 19
46; 18
47; 17
47; 15
46; 11
46; 8
47; 6
46; 10
46; 10
46; 8
46; 7
46; 6
46; 8
46; 10
46; 11
46; 11
46; 17
46; 23
46; 20
46; 20
45; 23
46; 32
47; 28
46; 38
46; 37
46; 33
47; 33
46; 31
47; 27
46; 29
45; 31
46; 31
46; 34
46; 32
47; 32
45; 29
45; 26
47; 27
46; 27
46; 25
47; 23
46; 23
47; 20
45; 20
47; 15
46; 13
46; 10
46; 9
46; 6
45; 6
46; 6
46; 6
46; 6
45; 10
46; 8
45; 9
46; 10
46; 15
45; 23
46; 29
46; 33
46; 37
46; 37
45; 35
46; 30
44; 22
46; 26
46; 23
45; 23
45; 21
46; 20
45; 22
46; 24
46; 29
44; 26
45; 24
46; 25
45; 25
45; 24
45; 22
46; 20
44; 21
44; 23
46; 21
45; 19
45; 20
45; 19
46; 17
46; 16
44; 15
45; 13
45; 16
45; 17
45; 19
45; 15
45; 13
46; 16
44; 21
45; 22
45; 28
45; 33
46; 25
45; 42
45; 44
46; 46
44; 45
46; 43
45; 41
45; 41
45; 35
45; 39
45; 36
45; 37
44; 37
46; 38
45; 40
45; 39
45; 42
45; 39
45; 34
44; 33
44; 32
46; 31
45; 32
45; 27
45; 21
45; 19
45; 20
44; 21
44; 18
45; 16
45; 14
45; 14
44; 13
45; 9
45; 6
45; 6
45; 6
45; 6
44; 6
44; 6
44; 10
44; 31
45; 21
43; 35
45; 35
44; 32
44; 30
44; 24
44; 18
45; 11
43; 11
44; 15
45; 16
44; 14
44; 14
44; 15
45; 18
44; 20
42; 20
45; 20
43; 23
44; 24
44; 23
44; 24
44; 18
44; 19
43; 21
45; 23
44; 18
44; 14
44; 14
44; 15
44; 19
43; 16
44; 13
44; 13
44; 17
44; 23
44; 25
44; 26
43; 34
44; 45
45; 53
44; 55
44; 54
44; 54
44; 57
44; 54
44; 54
44; 52
44; 46
44; 45
44; 45
44; 41
44; 40
44; 43
44; 45
44; 45
44; 47
44; 43
44; 42
44; 40
43; 42
44; 40
44; 39
44; 35
43; 35
44; 35
43; 31
44; 30
43; 29
43; 30
44; 30
43; 25
44; 22
44; 19
44; 20
43; 22
44; 25
43; 33
43; 41
43; 48
43; 55
44; 55
43; 49
43; 45
43; 44
43; 46
43; 44
43; 40
43; 39
43; 40
43; 41
43; 38
43; 36
43; 36
44; 34
44; 39
43; 37
43; 34
44; 26
43; 29
43; 28
42; 26
44; 22
43; 21
43; 21
43; 22
43; 19
43; 16
43; 15
42; 16
43; 15
43; 12
42; 12
43; 14
43; 19
44; 28
43; 34
43; 36
44; 38
43; 34
43; 36
43; 30
43; 28
43; 27
41; 29
43; 30
43; 28
43; 27
43; 26
42; 26
43; 27
42; 31
41; 33
43; 31
42; 33
43; 38
43; 38
43; 35
43; 31
43; 31
41; 28
43; 26
43; 23
43; 22
42; 19
43; 20
43; 20
43; 17
43; 18
43; 23
42; 22
42; 22
42; 32
42; 27
43; 42
42; 50
42; 49
41; 46
43; 44
42; 41
42; 40
43; 39
43; 35
41; 33
43; 31
42; 29
42; 28
42; 25
42; 25
42; 27
41; 30
41; 34
42; 33
43; 33
42; 36
43; 38
43; 33
43; 30
41; 30
41; 28
43; 26
42; 24
42; 18
42; 20
42; 16
43; 18
42; 15
41; 17
43; 15
42; 18
42; 20
42; 23
42; 29
42; 36
41; 42
43; 47
42; 44
42; 41
42; 42
42; 40
42; 41
42; 38
41; 35
43; 33
42; 29
42; 31
42; 30
42; 28
43; 30
41; 31
42; 31
42; 32
42; 28
42; 30
42; 27
42; 28
42; 27
42; 25
41; 20
42; 20
42; 16
42; 16
42; 17
42; 13
41; 13
41; 16
42; 16
42; 14
42; 16
42; 21
42; 29
41; 33
42; 42
42; 47
40; 46
41; 45
42; 41
42; 36
41; 36
42; 35
41; 32
40; 31
42; 30
40; 28
41; 30
41; 30
41; 28
42; 26
40; 24
41; 24
42; 27
41; 27
41; 23
41; 23
42; 24
41; 24
40; 20
42; 13
42; 13
41; 13
41; 16
41; 15
42; 14
41; 16
40; 17
42; 19
41; 22
41; 27
41; 32
41; 37
42; 38
40; 36
41; 29
41; 30
41; 32
41; 33
41; 26
41; 31
40; 28
41; 30
41; 27
41; 30
41; 25
41; 25
41; 25
41; 30
41; 29
40; 27
41; 22
41; 24
41; 26
41; 23
41; 18
41; 16
40; 17
41; 20
41; 17
41; 14
41; 14
41; 16
41; 18
41; 22
39; 23
41; 21
40; 24
41; 32
41; 39
41; 44
41; 45
39; 50
41; 48
42; 47
40; 39
41; 36
41; 40
41; 44
41; 40
40; 36
40; 38
41; 36
41; 36
40; 34
41; 36
40; 33
41; 33
41; 32
39; 29
41; 29
40; 28
41; 30
41; 30
40; 25
40; 23
40; 22
40; 18
41; 15
40; 12
40; 10
40; 12
40; 15
40; 17
39; 15
40; 15
41; 12
40; 23
40; 19
41; 31
40; 36
40; 29
39; 39
41; 39
40; 39
41; 36
40; 34
40; 31
41; 30
39; 28
39; 28
