13; 23
12; 21
11; 23
11; 25
11; 24
11; 24
11; 31
11; 27
11; 27
11; 26
11; 25
11; 25
11; 27
11; 28
11; 26
11; 25
11; 25
11; 27
11; 28
11; 27
11; 25
11; 25
11; 28
11; 29
11; 27
11; 26
11; 25
11; 27
11; 28
11; 27
11; 26
11; 26
11; 27
11; 29
11; 27
11; 26
11; 26
11; 28
11; 29
11; 27
11; 26
11; 26
11; 28
11; 29
11; 27
11; 26
11; 26
11; 28
11; 29
11; 27
11; 26
11; 26
11; 28
11; 29
11; 27
11; 26
11; 26
11; 28
11; 29
11; 27
11; 26
11; 26
11; 27
11; 29
11; 27
11; 26
11; 26
11; 28
11; 29
11; 28
11; 26
11; 26
11; 28
11; 29
11; 27
11; 26
11; 26
11; 28
11; 29
11; 27
11; 26
11; 26
11; 28
11; 29
11; 27
11; 26
11; 26
11; 28
11; 29
11; 27
11; 26
11; 25
11; 27
11; 29
11; 27
11; 26
11; 26
11; 28
11; 29
11; 27
11; 25
11; 26
11; 28
11; 29
11; 27
11; 26
11; 26
11; 28
11; 28
11; 27
11; 26
11; 27
11; 28
11; 29
11; 27
11; 26
11; 26
11; 28
11; 29
11; 27
11; 26
11; 26
11; 28
11; 29
11; 27
11; 26
11; 26
11; 28
11; 29
11; 27
11; 26
11; 26
11; 28
11; 29
11; 27
11; 25
11; 26
11; 28
11; 29
11; 27
11; 26
11; 26
11; 28
11; 28
11; 27
11; 26
11; 26
11; 28
11; 28
11; 27
11; 26
11; 26
11; 28
11; 28
11; 27
11; 26
11; 25
11; 28
11; 29
11; 27
11; 26
11; 26
11; 28
11; 29
11; 26
11; 26
11; 26
11; 28
11; 28
11; 27
11; 26
11; 26
11; 28
11; 28
11; 27
11; 26
11; 26
11; 28
11; 29
11; 27
11; 25
11; 26
11; 28
11; 29
11; 27
11; 25
11; 26
11; 28
11; 29
11; 27
11; 26
11; 26
11; 28
11; 28
11; 27
11; 25
11; 26
11; 28
11; 29
11; 28
11; 27
11; 29
11; 32
11; 36
11; 39
11; 38
11; 43
11; 46
11; 60
11; 67
11; 71
11; 88
11; 93
11; 122
15; 109
11; 131
11; 156
11; 157
16; 177
11; 166
11; 201
16; 201
15; 201
11; 201
11; 201
14; 201
15; 201
11; 201
11; 201
14; 201
15; 201
17; 201
11; 201
15; 201
16; 201
18; 201
11; 201
15; 201
18; 201
17; 201
11; 201
16; 201
17; 201
22; 201
11; 201
19; 201
19; 201
21; 201
13; 201
19; 201
22; 201
19; 201
14; 201
22; 201
25; 201
22; 201
15; 201
25; 201
25; 201
23; 201
18; 201
25; 201
29; 201
17; 201
23; 201
24; 201
28; 201
20; 201
25; 201
28; 201
23; 201
21; 201
27; 201
32; 201
26; 201
23; 201
31; 201
29; 201
20; 201
28; 201
32; 201
31; 201
23; 201
33; 201
33; 201
23; 201
29; 201
33; 201
33; 201
26; 201
34; 201
35; 201
23; 201
33; 201
36; 201
33; 201
29; 201
37; 201
34; 201
27; 201
35; 201
39; 201
35; 201
33; 201
39; 201
34; 201
30; 201
39; 201
41; 201
32; 201
38; 201
42; 201
35; 201
38; 201
40; 201
40; 201
35; 201
39; 201
43; 201
32; 201
44; 201
42; 201
34; 201
42; 201
46; 201
37; 201
43; 201
48; 201
34; 201
43; 201
46; 201
39; 201
44; 201
49; 201
45; 201
44; 201
49; 201
42; 201
45; 201
48; 201
48; 201
45; 201
49; 201
49; 201
45; 201
50; 201
45; 201
47; 201
50; 201
50; 201
46; 201
51; 201
53; 201
45; 201
56; 201
49; 201
50; 201
54; 201
54; 201
51; 201
57; 201
55; 201
53; 201
58; 201
52; 201
56; 201
59; 201
51; 201
55; 201
62; 201
57; 201
57; 201
63; 201
49; 201
61; 201
63; 201
61; 201
52; 201
65; 201
53; 201
61; 201
67; 201
54; 201
66; 201
60; 201
59; 201
66; 201
61; 201
62; 201
68; 201
62; 201
63; 201
72; 201
56; 201
69; 201
64; 176
63; 201
70; 201
64; 201
65; 201
73; 201
61; 197
69; 201
74; 182
61; 194
73; 176
68; 96
69; 164
76; 81
63; 99
72; 76
74; 62
66; 67
75; 106
72; 49
73; 112
79; 85
64; 92
76; 126
71; 42
71; 117
77; 63
66; 91
74; 98
79; 116
70; 139
78; 201
78; 183
78; 201
84; 201
69; 201
83; 201
80; 193
79; 201
83; 183
72; 201
80; 193
82; 183
78; 191
86; 189
74; 159
81; 201
84; 157
80; 201
89; 190
75; 184
85; 134
87; 201
84; 201
88; 140
77; 197
88; 158
82; 155
86; 160
82; 126
89; 145
88; 93
89; 153
87; 154
94; 100
81; 139
92; 158
79; 132
92; 201
90; 169
88; 201
96; 201
85; 201
93; 201
91; 201
92; 201
96; 201
88; 201
96; 201
94; 170
94; 201
88; 195
99; 160
102; 178
87; 153
100; 189
93; 95
97; 195
101; 98
91; 166
102; 95
100; 92
91; 110
102; 65
97; 68
102; 58
93; 25
101; 58
102; 6
105; 21
99; 64
108; 63
96; 66
95; 68
106; 127
93; 83
105; 201
105; 151
109; 201
102; 201
99; 201
111; 201
98; 201
108; 201
111; 201
106; 201
102; 149
110; 175
112; 143
102; 80
107; 101
110; 38
115; 46
109; 86
103; 56
115; 59
102; 19
116; 82
103; 6
113; 75
112; 6
108; 66
118; 6
117; 6
106; 33
105; 6
114; 6
117; 6
112; 7
118; 7
110; 6
120; 28
112; 6
115; 76
118; 50
116; 131
124; 132
111; 166
124; 201
111; 165
124; 201
111; 132
123; 201
123; 110
117; 196
115; 136
126; 89
127; 66
115; 76
120; 47
123; 13
122; 18
123; 6
119; 7
127; 6
118; 6
128; 6
121; 6
123; 6
128; 6
124; 6
131; 6
120; 6
133; 6
119; 6
129; 6
118; 6
129; 6
128; 6
127; 10
124; 6
130; 6
135; 6
123; 6
134; 6
121; 6
134; 6
133; 6
129; 6
127; 6
134; 6
137; 6
126; 6
131; 6
135; 6
134; 6
136; 6
129; 6
140; 6
127; 6
138; 6
126; 6
137; 6
127; 6
136; 6
133; 11
138; 6
133; 27
141; 6
140; 6
131; 15
144; 6
139; 20
131; 20
126; 15
140; 30
142; 20
139; 41
144; 49
137; 59
147; 84
145; 201
149; 201
143; 201
148; 201
146; 201
150; 201
146; 201
144; 201
144; 68
143; 197
144; 6
143; 6
144; 6
143; 6
143; 6
143; 6
143; 6
143; 6
142; 6
143; 6
143; 6
142; 6
142; 6
142; 6
142; 6
140; 6
142; 6
142; 6
141; 6
142; 6
141; 6
141; 6
141; 6
141; 6
139; 6
141; 6
140; 6
140; 6
140; 6
140; 6
141; 6
140; 6
141; 6
139; 6
141; 6
140; 6
141; 6
140; 6
141; 6
140; 6
140; 6
139; 6
140; 6
140; 6
139; 6
139; 6
139; 6
137; 6
139; 6
138; 6
139; 6
139; 6
138; 6
139; 6
138; 6
137; 6
139; 6
138; 6
138; 6
138; 6
138; 6
139; 6
137; 6
138; 6
137; 6
138; 6
137; 6
137; 6
137; 6
138; 6
137; 6
138; 6
137; 6
136; 6
137; 6
137; 6
137; 6
138; 6
137; 6
138; 6
137; 6
138; 6
137; 6
137; 6
137; 6
137; 6
136; 6
135; 6
136; 6
136; 6
136; 6
136; 6
135; 6
136; 6
136; 6
134; 6
135; 6
135; 6
135; 6
136; 6
135; 6
135; 6
135; 6
135; 6
135; 6
135; 6
135; 6
135; 6
135; 6
134; 6
135; 6
135; 6
135; 6
135; 6
134; 6
135; 6
135; 6
133; 6
134; 6
134; 6
135; 6
135; 6
135; 6
135; 6
134; 6
133; 6
135; 6
134; 6
133; 6
133; 6
134; 6
134; 6
132; 6
133; 6
134; 6
134; 6
133; 6
133; 6
133; 6
133; 6
132; 6
133; 6
132; 6
133; 6
133; 6
132; 6
133; 6
132; 6
131; 6
133; 6
132; 6
132; 6
132; 6
132; 6
132; 6
130; 6
132; 6
132; 6
133; 6
133; 6
132; 26
133; 40
133; 44
132; 42
133; 37
132; 35
132; 27
132; 6
132; 6
132; 6
132; 6
132; 6
131; 6
131; 6
131; 6
131; 6
132; 6
131; 6
131; 6
131; 6
131; 6
131; 6
130; 6
131; 6
131; 6
130; 6
130; 6
130; 6
131; 6
130; 6
130; 6
130; 6
130; 6
130; 6
130; 6
130; 6
130; 6
130; 6
130; 6
130; 6
130; 6
130; 6
130; 54
131; 31
130; 67
130; 64
130; 60
130; 46
130; 33
130; 15
129; 6
130; 6
129; 6
130; 6
129; 6
130; 6
129; 6
129; 6
128; 6
129; 6
129; 6
129; 6
129; 6
129; 6
130; 6
129; 6
128; 6
129; 6
129; 6
128; 6
128; 6
129; 6
129; 6
127; 6
128; 6
128; 6
128; 6
128; 6
128; 6
129; 6
129; 6
129; 28
128; 45
128; 49
129; 57
129; 61
127; 52
128; 31
127; 6
128; 6
128; 6
129; 6
127; 6
127; 6
128; 6
128; 6
128; 6
126; 6
127; 6
127; 6
127; 6
127; 6
127; 6
127; 6
126; 6
127; 7
127; 8
127; 8
127; 8
127; 9
127; 9
125; 9
125; 10
127; 10
126; 10
126; 10
127; 11
126; 11
125; 11
127; 11
127; 12
127; 12
127; 66
127; 30
126; 102
127; 90
127; 107
127; 102
127; 89
126; 66
126; 50
127; 30
126; 6
126; 6
126; 6
125; 6
125; 6
126; 6
125; 6
125; 6
125; 6
125; 6
125; 6
124; 6
125; 6
124; 6
125; 6
125; 6
125; 6
125; 6
125; 6
123; 6
124; 7
124; 8
124; 8
125; 9
123; 9
124; 9
124; 9
124; 10
124; 11
124; 11
125; 11
125; 11
123; 16
126; 54
124; 81
126; 96
125; 98
125; 101
125; 106
124; 102
123; 81
125; 48
124; 25
124; 6
124; 6
124; 6
124; 6
124; 6
124; 6
123; 6
123; 6
124; 6
123; 6
123; 6
123; 6
123; 6
123; 6
123; 6
122; 6
123; 6
123; 6
123; 6
123; 6
123; 6
123; 8
123; 8
123; 9
122; 8
123; 9
123; 10
123; 10
121; 10
124; 11
122; 39
123; 65
123; 87
123; 97
124; 100
123; 101
122; 95
124; 75
122; 47
123; 22
122; 6
123; 6
122; 6
122; 6
122; 6
122; 6
120; 6
122; 6
121; 6
122; 6
122; 6
122; 6
122; 6
121; 6
121; 6
122; 6
121; 6
121; 6
121; 7
120; 8
122; 9
121; 9
121; 9
121; 10
121; 10
121; 11
121; 11
121; 11
122; 16
122; 48
122; 77
121; 83
122; 88
122; 87
121; 86
121; 75
121; 50
121; 29
121; 13
121; 11
121; 10
121; 6
121; 6
121; 6
120; 6
121; 6
121; 6
121; 6
120; 6
120; 6
120; 6
120; 6
118; 6
120; 7
119; 8
120; 9
119; 9
120; 8
119; 10
120; 10
120; 11
119; 11
120; 12
120; 12
121; 12
119; 49
121; 90
120; 119
121; 133
121; 149
120; 163
121; 168
120; 163
121; 169
120; 152
121; 131
120; 99
120; 66
120; 46
120; 26
119; 6
119; 6
120; 6
119; 6
118; 6
119; 6
120; 6
119; 6
119; 6
119; 6
119; 6
117; 6
119; 6
119; 6
119; 6
119; 6
118; 6
119; 6
118; 6
119; 6
119; 6
118; 6
119; 6
119; 33
118; 70
120; 98
119; 124
120; 148
119; 163
120; 164
120; 165
120; 158
118; 137
119; 107
119; 76
119; 47
119; 28
119; 6
118; 6
118; 6
118; 6
118; 6
118; 6
118; 6
117; 6
118; 6
117; 6
117; 6
118; 6
118; 6
116; 6
118; 6
117; 6
117; 6
117; 6
117; 6
119; 6
118; 32
118; 63
118; 85
119; 125
118; 107
118; 132
116; 118
118; 101
117; 84
118; 60
118; 31
118; 6
117; 6
117; 6
117; 6
117; 6
115; 6
116; 6
117; 6
117; 6
116; 6
116; 6
117; 6
117; 6
115; 6
116; 6
116; 6
117; 6
117; 6
116; 6
117; 6
118; 15
118; 61
117; 99
117; 117
117; 129
118; 134
116; 127
117; 105
117; 75
116; 19
117; 45
116; 6
117; 6
116; 6
116; 6
116; 6
115; 6
115; 6
114; 6
116; 6
115; 6
115; 6
116; 6
115; 6
114; 6
116; 6
115; 6
115; 6
115; 6
116; 6
116; 6
116; 18
116; 68
116; 98
116; 123
116; 142
117; 155
115; 153
116; 139
116; 125
116; 103
115; 42
116; 76
115; 15
115; 6
115; 6
115; 6
114; 6
115; 6
115; 6
114; 6
115; 6
114; 6
114; 6
114; 6
112; 6
114; 6
113; 6
114; 6
114; 6
114; 6
114; 6
114; 6
112; 6
113; 6
114; 6
113; 6
113; 6
113; 6
114; 6
112; 6
112; 6
113; 6
113; 6
113; 6
113; 6
114; 7
113; 6
112; 8
113; 8
113; 9
113; 9
112; 11
113; 10
113; 11
114; 11
114; 36
114; 86
114; 128
114; 158
114; 180
114; 191
113; 196
114; 193
113; 180
114; 157
114; 133
114; 106
114; 74
112; 19
112; 45
114; 7
112; 6
113; 6
113; 6
112; 6
112; 6
112; 6
112; 6
112; 6
112; 6
113; 6
112; 6
112; 6
111; 6
111; 6
112; 6
110; 6
112; 6
112; 6
111; 6
111; 6
111; 6
111; 6
111; 6
110; 6
112; 6
111; 6
111; 6
111; 6
111; 6
112; 6
112; 6
112; 49
112; 86
112; 116
112; 144
113; 162
111; 165
112; 156
111; 147
112; 134
112; 111
111; 78
112; 47
111; 22
111; 6
111; 6
109; 6
111; 6
111; 6
111; 6
111; 6
110; 6
111; 6
110; 6
109; 6
111; 6
110; 6
110; 6
110; 6
110; 6
111; 6
110; 6
109; 6
110; 6
110; 6
110; 6
110; 6
110; 6
110; 6
109; 6
110; 6
110; 26
110; 57
111; 89
110; 114
110; 127
110; 130
111; 125
111; 121
111; 109
110; 83
110; 51
110; 6
110; 23
111; 6
108; 6
110; 6
110; 6
110; 6
109; 6
109; 6
109; 6
109; 6
108; 6
109; 6
109; 6
109; 6
108; 6
108; 6
109; 6
108; 6
107; 6
109; 6
108; 6
108; 6
108; 6
109; 6
110; 6
109; 42
110; 87
110; 117
109; 138
110; 147
109; 155
108; 155
110; 143
109; 120
109; 94
109; 68
109; 17
109; 48
108; 6
109; 6
109; 6
108; 6
109; 6
108; 6
108; 6
108; 6
107; 6
108; 6
106; 6
106; 6
108; 6
107; 6
107; 6
107; 6
107; 6
107; 6
106; 6
107; 6
107; 6
107; 6
107; 6
107; 6
108; 6
107; 6
106; 6
108; 48
108; 92
108; 127
108; 148
107; 155
108; 160
108; 154
108; 136
108; 112
108; 85
108; 56
108; 29
107; 6
108; 6
106; 6
107; 6
107; 6
107; 6
106; 6
106; 6
106; 6
107; 6
106; 6
107; 6
106; 6
106; 6
106; 6
106; 6
106; 6
106; 6
105; 6
106; 6
105; 6
106; 6
106; 6
106; 6
106; 6
107; 16
107; 53
106; 84
107; 108
107; 125
107; 132
106; 124
106; 114
107; 102
106; 84
106; 51
106; 23
106; 6
106; 6
106; 6
105; 6
106; 6
105; 6
106; 6
106; 6
105; 6
105; 6
105; 6
105; 6
103; 6
105; 6
104; 6
104; 6
104; 6
104; 6
104; 6
104; 6
103; 6
105; 6
105; 6
104; 6
105; 6
105; 41
105; 114
106; 81
106; 134
106; 144
105; 144
106; 134
105; 122
104; 102
105; 79
104; 49
105; 23
105; 6
105; 6
104; 6
104; 6
104; 6
103; 6
104; 6
105; 6
103; 6
104; 6
104; 6
103; 6
104; 6
103; 6
102; 6
104; 6
103; 6
103; 6
103; 6
104; 6
103; 6
102; 6
103; 6
104; 6
104; 6
104; 6
103; 53
105; 107
104; 147
105; 173
104; 186
104; 189
104; 188
104; 175
104; 163
104; 140
104; 109
104; 77
104; 49
103; 29
104; 11
103; 6
103; 6
103; 6
103; 6
103; 6
103; 6
102; 6
103; 6
103; 6
102; 6
102; 6
102; 6
102; 6
102; 6
102; 6
102; 6
102; 6
102; 6
102; 6
102; 6
102; 6
102; 6
102; 6
102; 6
102; 6
102; 6
103; 27
103; 71
103; 116
103; 151
103; 167
103; 171
103; 170
103; 170
103; 152
103; 124
103; 94
102; 66
103; 47
103; 29
101; 7
102; 6
102; 6
101; 6
102; 6
102; 6
102; 6
101; 6
102; 6
102; 6
101; 6
101; 6
100; 6
101; 6
101; 6
101; 6
101; 6
101; 6
100; 6
101; 6
100; 6
101; 6
101; 6
101; 6
102; 22
102; 68
102; 106
102; 132
102; 146
102; 150
101; 127
102; 100
102; 141
100; 77
101; 51
101; 25
101; 6
101; 6
101; 6
101; 6
101; 6
101; 6
99; 6
101; 6
100; 6
100; 6
100; 6
100; 6
100; 6
99; 6
98; 6
100; 6
100; 6
100; 6
100; 6
99; 6
99; 6
98; 6
100; 6
98; 6
99; 6
99; 6
99; 6
100; 6
99; 6
97; 6
100; 6
100; 6
100; 42
100; 97
99; 136
101; 163
101; 175
101; 186
101; 189
100; 178
101; 156
100; 132
99; 113
101; 90
99; 66
100; 41
100; 22
100; 12
99; 6
99; 6
99; 6
99; 6
98; 6
99; 6
98; 6
99; 6
99; 6
99; 6
99; 6
98; 6
97; 6
99; 6
98; 6
98; 6
98; 6
98; 6
99; 6
97; 6
98; 6
98; 6
98; 6
98; 6
98; 6
98; 6
98; 6
98; 6
99; 41
99; 94
99; 135
100; 156
99; 166
99; 172
100; 176
99; 169
99; 148
99; 122
99; 100
99; 76
97; 53
99; 31
98; 12
98; 6
99; 6
98; 6
98; 6
98; 6
98; 6
98; 6
98; 6
96; 6
98; 6
97; 6
97; 6
97; 6
97; 6
97; 6
96; 6
96; 6
97; 6
97; 6
97; 6
97; 6
97; 6
98; 6
96; 6
98; 27
98; 70
98; 112
99; 142
98; 156
97; 160
98; 157
98; 153
98; 133
98; 108
97; 78
98; 50
97; 13
96; 31
97; 6
97; 6
95; 6
97; 6
97; 6
96; 6
96; 6
97; 6
96; 6
96; 6
96; 6
96; 6
96; 6
96; 6
96; 6
96; 6
94; 6
95; 6
96; 6
95; 6
96; 6
96; 6
97; 6
97; 52
97; 91
97; 121
97; 142
97; 153
97; 152
96; 142
97; 122
96; 93
96; 67
96; 47
96; 31
96; 16
96; 6
97; 6
96; 9
95; 6
96; 6
96; 6
96; 6
95; 6
95; 6
96; 6
96; 6
94; 6
95; 6
96; 6
95; 6
95; 6
95; 6
94; 6
95; 6
94; 6
96; 6
95; 6
96; 40
96; 91
94; 130
96; 148
95; 155
96; 154
96; 151
95; 129
95; 110
96; 87
94; 67
95; 49
96; 27
95; 11
96; 6
95; 6
95; 6
95; 6
94; 6
95; 6
93; 6
95; 6
94; 6
94; 6
94; 6
94; 6
94; 6
94; 6
92; 6
94; 6
93; 6
93; 6
93; 6
93; 6
94; 6
94; 6
93; 6
95; 6
94; 6
95; 51
95; 93
93; 114
94; 134
94; 126
95; 137
95; 140
94; 130
95; 115
95; 95
93; 75
95; 58
94; 42
94; 29
94; 17
94; 8
94; 6
93; 6
94; 6
93; 6
94; 6
94; 6
93; 6
93; 6
93; 6
93; 6
94; 6
92; 6
92; 6
92; 6
92; 6
92; 6
92; 6
92; 6
92; 6
91; 6
91; 6
92; 6
92; 6
92; 6
92; 6
92; 6
91; 6
93; 6
93; 6
93; 63
92; 6
94; 112
93; 144
93; 166
94; 180
93; 188
93; 180
93; 163
93; 146
93; 123
92; 105
92; 61
94; 82
93; 46
92; 34
93; 24
92; 10
92; 6
92; 6
93; 6
92; 6
93; 6
93; 6
92; 6
92; 6
92; 6
92; 6
92; 6
91; 6
91; 6
91; 6
92; 6
91; 6
91; 6
92; 6
92; 6
90; 6
92; 6
92; 49
92; 88
93; 122
92; 139
92; 142
91; 138
92; 131
92; 117
92; 94
92; 65
92; 42
91; 25
92; 13
91; 6
90; 6
92; 6
91; 6
91; 6
91; 6
91; 6
92; 6
90; 6
91; 6
92; 6
90; 6
91; 6
90; 6
91; 6
91; 6
89; 6
90; 6
91; 6
91; 6
90; 6
91; 6
91; 6
91; 6
91; 57
91; 99
91; 128
91; 151
92; 167
90; 176
92; 172
91; 139
91; 156
91; 121
91; 105
91; 86
91; 69
89; 52
92; 46
91; 40
91; 31
90; 17
91; 7
91; 6
90; 6
91; 6
90; 6
89; 6
91; 6
90; 6
90; 6
90; 6
90; 6
90; 6
90; 6
88; 6
90; 6
89; 6
90; 6
89; 6
89; 6
89; 6
89; 6
88; 6
90; 6
89; 6
90; 6
90; 9
91; 67
91; 113
91; 139
90; 148
90; 154
90; 159
90; 157
90; 142
89; 121
91; 109
90; 98
90; 83
90; 66
89; 53
89; 40
90; 45
89; 30
90; 18
88; 6
90; 6
89; 6
89; 6
89; 6
89; 6
89; 6
89; 6
88; 6
89; 6
88; 6
89; 6
89; 6
89; 6
87; 6
89; 6
88; 6
88; 6
88; 6
88; 6
87; 6
88; 6
88; 6
87; 6
89; 6
89; 35
89; 82
90; 123
89; 144
89; 154
89; 157
89; 148
90; 158
89; 132
89; 114
89; 95
87; 78
89; 69
88; 60
89; 48
88; 33
88; 23
89; 19
88; 14
88; 6
89; 6
87; 6
88; 6
88; 6
88; 6
88; 6
88; 6
88; 6
87; 6
86; 6
88; 6
87; 6
87; 6
87; 6
87; 6
87; 6
88; 6
86; 6
88; 27
88; 63
89; 114
88; 126
88; 91
87; 131
89; 128
88; 120
88; 108
88; 93
88; 73
88; 56
86; 43
88; 33
87; 32
88; 28
87; 19
88; 13
88; 9
87; 6
87; 6
88; 6
86; 6
87; 6
88; 6
87; 6
87; 6
87; 6
87; 6
86; 6
85; 6
87; 6
86; 6
86; 6
86; 6
86; 6
86; 6
85; 6
85; 6
87; 6
86; 6
87; 6
87; 40
86; 92
88; 129
87; 148
87; 159
87; 162
87; 162
88; 161
87; 147
85; 128
88; 106
87; 91
87; 78
87; 62
87; 48
87; 42
86; 36
87; 32
88; 25
86; 12
87; 6
86; 6
86; 6
86; 6
86; 6
86; 6
85; 6
85; 6
87; 6
85; 6
86; 6
85; 6
85; 6
86; 6
84; 6
85; 6
86; 6
86; 6
86; 6
86; 43
87; 111
85; 82
86; 128
86; 132
86; 133
86; 121
87; 111
85; 96
86; 76
86; 61
86; 48
86; 35
86; 40
86; 30
86; 23
86; 16
85; 10
86; 7
86; 6
86; 6
85; 6
85; 6
85; 6
85; 6
85; 6
84; 6
85; 6
85; 6
85; 6
85; 6
85; 6
85; 6
86; 33
85; 64
86; 85
85; 101
86; 112
86; 114
86; 115
85; 111
86; 101
85; 86
85; 72
85; 61
85; 47
85; 36
84; 31
85; 25
85; 15
85; 6
85; 7
85; 6
85; 6
84; 6
84; 6
84; 6
84; 6
84; 6
84; 6
84; 6
84; 6
84; 6
85; 6
85; 6
84; 13
85; 71
85; 42
85; 88
85; 95
84; 89
84; 85
86; 80
85; 66
84; 47
84; 30
84; 23
85; 20
83; 16
84; 13
84; 10
84; 8
84; 6
85; 6
84; 6
84; 6
84; 6
83; 6
84; 6
84; 6
84; 6
84; 6
83; 6
83; 6
84; 6
83; 6
83; 6
83; 24
84; 6
84; 48
84; 66
82; 82
85; 98
84; 106
84; 105
84; 98
84; 92
84; 81
83; 68
84; 57
84; 47
84; 40
83; 43
83; 43
83; 38
83; 31
83; 24
83; 22
83; 18
83; 8
83; 6
83; 6
84; 6
83; 6
83; 6
82; 6
83; 6
83; 6
83; 6
83; 6
83; 6
83; 40
83; 84
83; 120
84; 151
84; 140
84; 157
84; 154
83; 144
83; 125
83; 111
83; 97
83; 87
83; 71
83; 57
83; 51
83; 52
83; 51
83; 46
83; 43
83; 38
83; 30
83; 36
82; 18
82; 6
83; 9
83; 6
83; 6
81; 6
82; 6
83; 6
82; 6
82; 6
82; 6
82; 6
82; 6
81; 6
82; 6
81; 6
81; 6
82; 6
82; 6
82; 6
81; 6
80; 6
82; 6
80; 6
81; 6
81; 6
81; 6
81; 6
80; 6
81; 6
81; 6
80; 6
81; 6
80; 12
81; 6
83; 70
82; 114
82; 149
82; 173
82; 183
82; 186
81; 182
82; 169
83; 162
82; 147
82; 129
82; 113
82; 101
82; 96
81; 87
80; 78
82; 66
82; 57
82; 55
82; 49
81; 35
82; 22
80; 15
82; 6
81; 6
82; 6
82; 6
81; 6
81; 6
81; 6
81; 6
80; 6
80; 6
79; 6
81; 6
80; 6
80; 6
80; 6
80; 6
81; 6
79; 6
80; 6
80; 6
80; 6
80; 6
80; 6
81; 6
81; 14
81; 99
81; 121
81; 62
81; 140
81; 147
80; 149
82; 147
81; 135
81; 117
80; 96
80; 83
81; 77
81; 70
79; 62
81; 56
80; 54
81; 53
80; 46
80; 39
80; 21
81; 31
79; 9
80; 6
79; 6
80; 6
81; 6
80; 6
79; 6
80; 6
79; 6
79; 6
78; 6
80; 6
79; 6
79; 6
79; 6
79; 6
79; 6
78; 6
79; 6
79; 6
79; 6
79; 6
79; 6
79; 16
81; 65
80; 103
80; 131
80; 144
80; 152
81; 156
79; 152
80; 145
80; 131
80; 118
80; 103
80; 91
80; 79
80; 68
79; 68
78; 66
80; 46
80; 55
79; 41
79; 39
79; 30
80; 16
78; 7
80; 6
79; 6
78; 6
80; 6
78; 6
79; 6
80; 6
78; 6
79; 6
78; 6
79; 6
79; 6
79; 6
79; 6
78; 6
78; 6
79; 6
78; 6
79; 6
78; 6
78; 6
78; 6
78; 13
78; 6
79; 60
78; 105
79; 140
79; 165
79; 172
80; 177
79; 177
79; 174
79; 163
79; 144
79; 129
79; 117
79; 114
79; 107
78; 96
79; 86
78; 80
79; 75
79; 67
79; 54
79; 41
78; 31
77; 23
79; 8
77; 6
79; 6
78; 6
78; 6
78; 6
78; 6
77; 6
78; 6
76; 6
77; 6
77; 6
77; 6
77; 6
77; 6
78; 6
76; 6
77; 6
78; 6
78; 6
78; 6
78; 6
79; 41
79; 81
78; 111
78; 125
78; 137
78; 141
79; 141
78; 135
78; 126
79; 117
78; 104
78; 90
78; 80
78; 71
78; 48
78; 58
78; 44
79; 44
77; 42
78; 35
78; 27
78; 23
78; 18
78; 9
77; 6
77; 6
76; 6
76; 6
78; 6
77; 6
77; 6
77; 6
77; 6
76; 6
77; 6
77; 6
77; 6
77; 6
77; 6
77; 6
77; 6
76; 6
78; 31
78; 105
77; 71
78; 130
77; 144
76; 150
78; 138
77; 146
78; 126
78; 111
77; 94
78; 75
76; 58
77; 46
77; 43
77; 38
77; 32
77; 35
77; 25
77; 25
76; 19
77; 7
77; 6
77; 6
77; 6
77; 6
77; 6
77; 6
77; 6
77; 6
76; 6
76; 6
75; 6
76; 6
76; 6
76; 6
76; 6
76; 6
75; 6
77; 6
76; 6
76; 6
76; 34
75; 67
77; 93
75; 105
77; 112
77; 110
77; 107
77; 110
76; 102
75; 92
77; 77
76; 65
76; 58
76; 54
76; 48
77; 44
75; 46
77; 38
76; 44
76; 31
76; 24
76; 22
76; 19
76; 13
76; 6
76; 6
76; 6
74; 6
76; 6
75; 6
76; 6
75; 6
75; 6
75; 6
76; 6
74; 6
75; 6
75; 6
75; 6
75; 6
75; 6
76; 6
75; 6
75; 6
75; 6
75; 47
76; 85
76; 111
74; 124
76; 130
75; 135
76; 140
75; 126
75; 138
76; 110
75; 100
76; 90
76; 84
76; 76
76; 71
76; 66
76; 64
74; 54
76; 62
76; 43
76; 33
75; 29
75; 22
75; 11
75; 6
75; 6
75; 6
74; 6
75; 6
74; 6
75; 6
75; 6
74; 6
74; 6
74; 6
74; 6
73; 6
74; 6
74; 6
74; 6
74; 6
75; 6
74; 14
75; 48
75; 77
75; 100
75; 115
75; 120
75; 112
73; 106
75; 99
73; 91
75; 76
74; 59
75; 65
75; 53
73; 47
75; 51
75; 40
73; 37
74; 31
74; 25
74; 15
75; 7
74; 6
74; 6
74; 6
73; 6
74; 6
73; 6
74; 6
74; 6
74; 6
74; 6
74; 6
74; 6
74; 6
73; 6
74; 6
74; 6
73; 22
73; 53
75; 72
74; 81
74; 86
74; 91
74; 92
74; 88
72; 80
74; 71
75; 65
74; 57
74; 52
74; 46
74; 48
74; 43
73; 37
74; 33
73; 24
73; 31
73; 19
73; 15
74; 6
73; 6
73; 6
73; 6
73; 6
74; 6
72; 6
73; 6
73; 6
73; 6
73; 6
72; 6
71; 6
71; 6
72; 6
73; 6
73; 6
74; 21
74; 58
73; 85
74; 117
73; 109
73; 120
73; 126
73; 130
74; 117
74; 126
73; 110
74; 100
73; 90
73; 78
73; 67
73; 66
74; 70
74; 73
73; 68
73; 63
73; 59
73; 50
73; 58
72; 38
73; 16
73; 27
74; 6
73; 12
73; 6
73; 6
72; 6
72; 6
73; 6
71; 6
72; 6
72; 6
72; 6
72; 6
72; 6
72; 6
72; 6
72; 6
73; 6
71; 6
73; 6
72; 17
73; 50
71; 74
71; 90
72; 103
73; 106
73; 111
72; 113
73; 111
72; 103
73; 94
72; 91
72; 85
72; 76
72; 70
72; 70
73; 71
71; 66
72; 49
72; 58
72; 43
72; 35
72; 25
72; 6
72; 13
72; 6
72; 6
72; 6
71; 6
72; 6
72; 6
72; 6
72; 6
72; 6
72; 6
71; 6
72; 6
71; 6
71; 6
71; 6
71; 6
72; 6
71; 6
71; 6
71; 16
72; 52
72; 82
72; 97
70; 100
72; 101
72; 102
72; 101
72; 93
71; 81
72; 66
72; 73
70; 61
72; 54
71; 47
71; 40
71; 41
71; 41
71; 33
71; 19
70; 10
72; 10
70; 6
69; 6
71; 6
70; 6
71; 6
71; 6
71; 6
71; 6
70; 6
70; 6
71; 6
70; 6
70; 6
70; 6
71; 6
69; 6
71; 6
71; 25
71; 6
71; 55
70; 80
70; 95
72; 105
71; 110
71; 111
71; 110
71; 101
71; 94
71; 90
71; 81
71; 71
70; 59
70; 53
69; 49
71; 47
71; 46
70; 42
70; 35
71; 28
70; 24
70; 22
70; 17
70; 8
70; 6
70; 6
70; 6
69; 6
68; 6
71; 6
70; 6
70; 6
70; 6
70; 6
69; 6
69; 6
70; 6
70; 6
70; 6
69; 6
69; 6
69; 6
69; 6
69; 6
70; 6
69; 6
70; 37
70; 71
69; 116
69; 98
70; 125
70; 135
70; 134
70; 125
70; 113
70; 112
69; 108
70; 94
70; 78
70; 65
70; 64
69; 61
69; 56
70; 46
69; 42
70; 43
70; 37
70; 27
69; 18
69; 12
69; 12
69; 6
69; 6
69; 6
69; 6
69; 6
69; 6
69; 6
69; 6
67; 6
69; 6
68; 6
69; 6
69; 6
69; 6
69; 19
69; 47
68; 73
70; 97
70; 111
68; 121
69; 116
69; 108
70; 100
68; 95
70; 85
69; 68
69; 48
69; 36
69; 35
69; 35
69; 29
69; 22
69; 21
69; 19
69; 18
68; 13
69; 8
68; 6
69; 6
69; 6
68; 6
68; 6
68; 6
68; 6
68; 6
68; 6
68; 6
68; 6
68; 6
68; 6
68; 6
68; 6
68; 6
68; 6
68; 6
68; 52
68; 25
68; 74
68; 89
68; 98
68; 99
68; 95
68; 89
68; 87
69; 84
68; 75
68; 63
68; 57
68; 53
68; 50
68; 48
68; 47
68; 47
68; 49
68; 39
68; 45
68; 32
68; 21
68; 22
67; 16
68; 6
67; 6
68; 6
68; 6
67; 6
67; 6
68; 6
68; 6
68; 6
67; 6
67; 6
67; 6
67; 6
67; 6
66; 6
67; 6
67; 6
68; 6
68; 44
68; 75
67; 95
69; 108
68; 114
68; 112
68; 115
68; 107
68; 98
68; 90
67; 71
67; 63
68; 81
67; 52
67; 49
67; 48
67; 50
68; 45
68; 38
67; 32
67; 31
67; 28
67; 18
67; 10
67; 7
67; 8
67; 6
67; 6
67; 6
66; 6
67; 6
68; 6
67; 6
66; 6
66; 6
67; 6
67; 6
66; 6
66; 6
66; 6
66; 6
66; 6
65; 47
66; 18
68; 74
67; 111
67; 96
67; 116
67; 116
67; 115
66; 117
67; 110
68; 97
67; 88
67; 83
67; 77
67; 73
66; 66
65; 60
66; 59
67; 58
67; 52
66; 38
66; 28
66; 18
66; 11
67; 6
66; 6
65; 6
66; 6
66; 6
66; 6
66; 6
66; 6
66; 6
65; 6
65; 6
66; 6
66; 6
66; 16
66; 6
66; 36
66; 66
67; 52
66; 74
66; 78
66; 76
67; 74
66; 74
65; 68
67; 62
66; 53
66; 42
66; 31
66; 24
66; 24
66; 21
65; 23
66; 19
66; 22
66; 27
66; 23
66; 12
65; 6
65; 6
66; 6
65; 6
64; 6
66; 6
65; 6
65; 6
65; 6
65; 6
65; 6
65; 6
64; 6
66; 6
65; 6
65; 6
66; 11
65; 46
66; 73
65; 88
66; 94
66; 102
66; 111
66; 113
65; 110
64; 104
66; 100
65; 99
66; 89
65; 73
65; 61
66; 60
65; 61
65; 54
66; 52
65; 51
65; 50
65; 49
65; 45
66; 35
63; 27
65; 22
65; 18
65; 9
66; 6
65; 6
65; 6
65; 6
65; 6
64; 6
65; 6
64; 6
65; 6
65; 6
64; 6
65; 6
64; 10
66; 41
64; 67
65; 88
65; 105
66; 125
65; 120
64; 119
65; 112
66; 106
65; 99
65; 94
65; 65
65; 80
65; 54
63; 49
65; 49
64; 41
65; 37
65; 35
64; 37
65; 40
63; 37
65; 40
65; 37
64; 36
64; 36
64; 31
64; 26
65; 20
63; 14
64; 11
64; 6
63; 6
65; 6
64; 6
64; 6
64; 6
64; 6
65; 6
64; 27
64; 45
65; 57
64; 64
65; 65
64; 65
63; 60
65; 56
64; 55
64; 48
64; 38
64; 26
65; 23
65; 23
63; 23
65; 21
64; 17
65; 17
64; 13
64; 6
63; 6
63; 6
64; 6
63; 6
62; 6
63; 6
63; 6
63; 6
63; 6
63; 6
63; 6
64; 6
62; 6
64; 6
63; 6
63; 6
63; 6
63; 6
64; 27
63; 51
64; 74
64; 88
64; 92
63; 92
64; 90
62; 85
64; 82
63; 76
63; 62
63; 69
63; 60
63; 59
64; 57
62; 52
64; 46
63; 42
63; 46
63; 36
63; 29
64; 25
62; 25
62; 22
64; 13
63; 9
63; 9
63; 7
63; 8
63; 6
63; 6
63; 6
63; 6
61; 6
63; 6
63; 6
63; 6
63; 6
62; 19
64; 41
63; 61
63; 79
63; 92
63; 90
64; 84
62; 76
64; 71
63; 72
63; 64
63; 57
63; 48
63; 52
61; 43
63; 43
63; 43
63; 45
63; 46
63; 48
63; 48
63; 44
61; 30
63; 36
63; 26
63; 6
62; 17
63; 6
62; 6
63; 6
62; 6
62; 6
62; 6
63; 6
62; 6
62; 25
62; 41
63; 53
63; 61
61; 70
62; 65
63; 71
62; 52
62; 58
62; 45
62; 36
62; 26
62; 22
63; 24
62; 28
62; 27
62; 24
62; 21
63; 21
61; 22
62; 16
63; 10
62; 9
62; 9
62; 12
62; 14
61; 17
61; 20
62; 25
62; 34
62; 46
62; 61
62; 75
63; 87
61; 101
62; 100
63; 98
62; 90
62; 86
62; 84
62; 75
63; 63
61; 58
62; 57
62; 59
62; 58
62; 48
62; 51
62; 50
61; 52
63; 53
62; 46
62; 38
62; 36
62; 33
62; 26
62; 14
61; 6
62; 6
62; 6
60; 6
62; 6
61; 6
62; 6
61; 6
62; 6
61; 18
63; 27
62; 39
62; 44
61; 42
62; 38
62; 33
60; 25
62; 16
61; 6
60; 6
62; 6
61; 12
62; 15
62; 10
61; 6
61; 6
62; 6
60; 6
60; 6
61; 6
61; 6
61; 6
61; 6
61; 6
60; 6
59; 6
62; 6
60; 6
61; 6
60; 6
61; 6
61; 6
60; 6
60; 6
62; 6
61; 6
61; 31
61; 54
60; 64
62; 70
60; 75
61; 75
61; 74
61; 71
61; 65
60; 56
60; 47
61; 38
61; 30
60; 21
60; 17
60; 22
61; 24
61; 8
59; 17
60; 6
60; 10
60; 8
60; 6
60; 6
60; 6
60; 6
59; 6
60; 6
59; 6
60; 6
59; 6
60; 6
60; 6
60; 6
60; 6
58; 6
60; 6
59; 6
59; 6
59; 6
60; 6
60; 6
60; 6
59; 6
60; 6
59; 6
60; 6
59; 6
58; 19
60; 47
60; 76
60; 96
60; 107
60; 113
61; 112
59; 114
59; 110
61; 101
60; 98
60; 94
60; 84
60; 73
60; 63
59; 60
60; 58
60; 57
60; 49
59; 39
59; 36
60; 39
59; 41
58; 35
60; 27
59; 24
59; 22
59; 22
59; 17
59; 10
59; 6
59; 6
58; 6
60; 6
58; 6
60; 6
59; 6
59; 6
59; 6
59; 6
59; 6
59; 6
58; 6
59; 6
59; 16
59; 38
59; 65
58; 91
59; 100
59; 105
59; 105
59; 97
59; 89
59; 80
58; 70
59; 63
59; 53
59; 47
59; 42
59; 41
59; 41
59; 44
57; 45
59; 41
59; 28
58; 36
59; 20
58; 17
59; 12
58; 6
58; 6
59; 6
57; 6
58; 6
58; 6
58; 6
58; 6
58; 6
58; 6
57; 6
56; 6
59; 6
58; 6
58; 6
58; 6
57; 26
58; 74
59; 51
58; 85
59; 87
58; 88
59; 90
58; 90
57; 82
59; 74
58; 68
58; 62
58; 55
58; 52
58; 48
58; 47
57; 49
59; 49
58; 44
58; 38
58; 32
58; 24
59; 21
56; 16
58; 8
57; 6
57; 6
59; 6
58; 6
58; 6
57; 6
57; 6
57; 6
56; 6
57; 6
58; 6
57; 6
57; 6
57; 6
57; 6
57; 6
57; 6
57; 44
57; 19
57; 68
58; 86
58; 99
56; 106
58; 103
58; 100
58; 94
58; 91
58; 93
58; 85
57; 76
58; 67
58; 65
57; 60
57; 66
57; 51
57; 44
58; 45
56; 44
57; 36
58; 23
57; 20
57; 22
57; 23
57; 20
57; 19
56; 17
57; 16
57; 10
58; 6
55; 6
57; 6
57; 6
57; 6
57; 6
56; 6
55; 6
57; 6
57; 6
57; 6
57; 6
57; 19
56; 49
58; 75
57; 96
57; 106
57; 108
57; 110
57; 110
56; 100
56; 93
57; 85
57; 79
57; 74
56; 63
57; 56
58; 56
55; 60
57; 61
57; 54
57; 57
57; 52
57; 58
56; 48
57; 58
55; 41
56; 35
57; 37
56; 27
56; 17
56; 6
56; 6
56; 6
57; 6
56; 6
57; 6
55; 6
56; 6
56; 6
56; 6
56; 6
57; 16
56; 61
57; 41
56; 69
56; 71
56; 67
57; 67
56; 61
57; 57
56; 49
56; 40
56; 35
56; 26
56; 26
56; 25
56; 30
56; 35
56; 36
56; 32
56; 25
56; 20
56; 18
56; 11
56; 6
56; 6
56; 6
56; 6
56; 6
56; 6
56; 6
55; 6
55; 6
56; 6
56; 6
56; 6
55; 6
55; 6
55; 6
55; 6
55; 6
55; 6
56; 17
56; 46
55; 64
55; 78
56; 72
56; 82
56; 82
56; 73
56; 64
56; 61
56; 65
56; 61
54; 42
55; 52
56; 42
55; 43
55; 40
55; 40
55; 37
56; 36
55; 35
55; 30
55; 20
55; 27
55; 12
55; 8
55; 6
55; 6
55; 6
56; 6
55; 6
55; 6
56; 6
55; 6
55; 6
55; 6
55; 6
55; 6
55; 6
55; 6
54; 6
55; 16
54; 59
56; 38
55; 71
56; 76
55; 73
55; 73
55; 73
55; 75
55; 71
53; 66
55; 62
54; 54
55; 48
55; 48
55; 50
55; 48
55; 44
55; 45
53; 43
55; 44
55; 39
54; 32
55; 27
55; 27
54; 25
54; 22
55; 17
53; 15
54; 16
54; 15
54; 12
54; 10
54; 12
53; 8
54; 7
53; 6
54; 6
55; 6
54; 6
54; 11
54; 6
54; 36
56; 63
54; 89
55; 103
55; 112
55; 117
55; 117
54; 101
54; 92
53; 112
55; 85
54; 76
54; 68
54; 61
55; 54
53; 45
55; 41
54; 35
54; 22
54; 8
54; 6
53; 6
54; 6
54; 6
54; 6
52; 6
54; 6
53; 6
54; 19
54; 8
53; 33
54; 46
55; 53
54; 53
54; 51
54; 43
54; 39
54; 37
53; 39
54; 40
53; 36
53; 34
53; 32
53; 23
54; 14
53; 6
53; 6
52; 6
54; 6
53; 6
53; 6
53; 6
53; 6
53; 8
52; 16
54; 25
53; 35
53; 42
53; 39
53; 31
53; 23
52; 18
53; 14
53; 6
52; 6
53; 6
53; 6
52; 6
53; 6
53; 6
53; 6
53; 6
51; 6
54; 6
52; 6
53; 6
53; 6
53; 6
53; 6
53; 16
53; 40
53; 64
53; 74
53; 74
53; 71
51; 72
52; 72
53; 73
53; 56
53; 66
53; 42
53; 46
52; 41
52; 38
53; 37
53; 38
53; 43
53; 40
53; 42
53; 37
52; 37
53; 37
52; 36
52; 26
52; 19
53; 14
53; 15
53; 17
51; 16
53; 17
52; 18
52; 22
52; 22
52; 18
53; 13
52; 7
51; 10
53; 9
51; 6
52; 6
52; 6
52; 14
53; 25
52; 42
52; 60
53; 80
53; 93
52; 97
52; 89
52; 84
53; 83
53; 75
51; 81
52; 68
52; 58
52; 51
52; 47
52; 41
52; 37
51; 37
53; 38
52; 43
52; 44
52; 41
52; 36
53; 36
51; 40
53; 35
51; 37
52; 29
52; 31
52; 29
52; 20
52; 15
50; 9
52; 6
52; 6
50; 6
52; 6
52; 6
52; 6
52; 9
51; 7
52; 6
51; 6
51; 11
52; 19
52; 30
52; 49
52; 72
52; 107
51; 92
52; 109
52; 107
52; 101
52; 99
52; 94
52; 88
50; 78
52; 70
53; 65
52; 65
52; 65
52; 66
52; 64
52; 63
50; 63
53; 54
51; 40
51; 31
51; 25
51; 23
52; 19
50; 13
52; 14
52; 16
51; 17
51; 11
51; 7
51; 6
51; 6
51; 18
51; 9
51; 6
51; 30
52; 44
52; 60
52; 75
51; 81
51; 83
52; 84
52; 81
51; 76
51; 67
51; 57
52; 51
50; 34
51; 45
51; 21
52; 26
51; 18
51; 20
51; 19
50; 16
52; 17
51; 16
51; 16
51; 10
52; 6
51; 6
51; 6
51; 6
51; 6
51; 6
50; 6
51; 6
51; 6
51; 6
51; 6
51; 6
51; 6
49; 6
51; 6
51; 6
50; 6
51; 6
51; 23
50; 40
51; 49
51; 62
51; 58
51; 64
51; 57
51; 48
51; 42
50; 46
50; 45
51; 36
51; 26
50; 21
51; 23
51; 25
51; 22
50; 20
51; 20
51; 23
51; 20
50; 13
51; 6
50; 6
50; 6
50; 6
51; 6
51; 6
49; 6
50; 6
50; 6
50; 6
50; 6
50; 6
50; 6
49; 6
50; 6
49; 6
50; 6
50; 6
50; 6
49; 7
51; 26
50; 44
50; 60
50; 68
49; 67
50; 68
50; 69
51; 68
50; 64
50; 58
50; 50
50; 43
50; 40
50; 37
49; 34
50; 33
50; 37
50; 36
50; 26
50; 19
50; 20
49; 22
49; 20
50; 15
49; 10
50; 13
50; 17
50; 16
50; 10
49; 6
50; 6
48; 6
49; 6
50; 6
49; 6
49; 6
49; 6
49; 6
49; 6
48; 6
49; 6
49; 6
49; 7
50; 23
49; 44
48; 65
50; 82
50; 91
49; 93
50; 82
49; 85
50; 80
48; 78
49; 72
50; 62
49; 57
49; 52
49; 55
49; 51
50; 47
48; 40
48; 38
50; 38
49; 27
49; 32
49; 22
49; 19
50; 17
48; 15
49; 13
50; 12
49; 13
49; 15
49; 12
49; 7
49; 6
49; 6
49; 6
48; 6
48; 6
50; 6
49; 20
49; 38
48; 48
49; 49
48; 49
48; 54
49; 58
49; 58
49; 57
49; 54
49; 53
48; 52
49; 44
48; 36
48; 34
49; 34
48; 37
49; 33
47; 29
48; 33
49; 31
48; 29
48; 22
48; 11
48; 6
49; 6
47; 10
49; 6
48; 6
48; 6
48; 6
48; 6
48; 6
48; 6
48; 6
49; 6
46; 6
47; 6
48; 6
48; 6
48; 6
48; 6
49; 6
48; 6
48; 9
48; 32
48; 57
48; 74
48; 83
47; 87
49; 89
47; 87
48; 81
48; 74
48; 72
49; 66
48; 66
47; 60
49; 54
48; 48
48; 48
48; 48
48; 49
49; 46
47; 46
48; 42
48; 40
48; 36
47; 32
47; 30
48; 27
48; 25
48; 22
47; 20
48; 18
47; 17
46; 14
47; 9
48; 6
48; 6
47; 6
47; 6
46; 6
47; 6
48; 6
47; 10
48; 17
48; 32
46; 49
48; 65
48; 81
48; 91
48; 92
48; 86
48; 83
47; 79
48; 75
48; 66
47; 56
47; 50
47; 47
48; 42
47; 44
47; 39
48; 34
48; 33
47; 31
47; 28
47; 23
47; 17
48; 18
46; 21
47; 21
47; 17
47; 14
47; 19
47; 19
47; 14
47; 7
47; 6
48; 6
47; 12
47; 12
47; 12
47; 11
48; 15
47; 18
46; 26
48; 39
47; 56
47; 74
47; 88
47; 95
48; 99
46; 103
47; 101
48; 98
47; 90
47; 80
47; 75
48; 75
48; 72
46; 66
47; 58
47; 50
47; 47
47; 36
47; 15
47; 25
47; 9
45; 9
48; 7
45; 6
47; 6
47; 6
47; 6
47; 14
46; 22
47; 30
48; 38
47; 42
47; 39
47; 38
47; 38
47; 40
47; 46
46; 48
47; 45
47; 35
47; 40
46; 35
47; 32
47; 28
46; 20
46; 12
47; 8
45; 6
46; 13
47; 8
47; 17
45; 23
47; 23
46; 17
46; 9
46; 6
46; 6
47; 6
47; 6
46; 6
46; 6
47; 6
46; 6
46; 6
46; 6
46; 6
46; 6
46; 6
46; 6
46; 6
46; 13
46; 27
46; 27
46; 20
46; 26
45; 29
47; 28
46; 33
46; 15
46; 14
47; 22
46; 17
46; 22
45; 24
46; 28
46; 31
46; 35
46; 32
46; 26
46; 20
45; 19
44; 17
46; 11
47; 15
45; 10
46; 10
46; 10
45; 6
45; 6
46; 6
46; 6
44; 6
46; 6
45; 6
46; 6
46; 34
45; 57
46; 68
45; 73
46; 76
46; 76
45; 75
46; 71
46; 65
47; 52
44; 56
45; 49
45; 41
46; 35
46; 31
46; 37
44; 41
46; 37
45; 35
46; 33
45; 35
45; 32
45; 27
45; 31
45; 25
45; 20
45; 19
45; 18
45; 14
45; 13
45; 13
45; 11
45; 8
45; 6
45; 6
45; 6
45; 6
45; 6
45; 6
45; 6
45; 6
45; 6
45; 6
45; 10
45; 12
45; 18
45; 13
44; 15
45; 11
45; 17
45; 36
45; 70
45; 56
45; 74
45; 74
45; 72
45; 69
45; 60
45; 65
45; 57
45; 57
45; 57
45; 51
45; 49
45; 49
45; 54
45; 53
45; 53
45; 53
45; 51
45; 50
43; 44
45; 43
45; 39
45; 37
44; 34
45; 30
45; 27
44; 26
45; 21
45; 25
44; 23
44; 20
44; 16
44; 15
45; 15
44; 15
44; 18
45; 21
44; 24
44; 36
44; 47
45; 61
44; 87
45; 74
45; 94
45; 94
44; 87
45; 78
45; 72
45; 67
44; 60
43; 45
45; 29
44; 18
44; 12
44; 10
44; 6
44; 6
44; 6
44; 6
44; 6
44; 6
44; 6
44; 6
44; 6
44; 6
44; 6
44; 6
45; 6
43; 6
44; 6
44; 6
44; 6
44; 6
44; 6
44; 6
45; 7
44; 18
44; 34
44; 50
44; 62
45; 63
45; 59
43; 62
45; 57
45; 59
44; 54
44; 48
44; 38
44; 40
42; 30
44; 26
44; 23
44; 30
44; 35
43; 33
44; 30
43; 27
43; 24
44; 25
43; 20
44; 13
43; 11
44; 8
44; 6
43; 6
43; 6
44; 6
42; 6
43; 6
44; 6
43; 6
43; 6
43; 6
43; 6
42; 6
43; 6
44; 6
43; 6
44; 17
44; 35
42; 52
44; 66
43; 71
43; 76
43; 77
43; 69
44; 65
42; 67
43; 65
44; 64
43; 56
43; 48
43; 48
43; 50
43; 45
42; 39
43; 38
45; 36
43; 36
43; 26
42; 16
43; 9
43; 12
43; 8
41; 7
42; 6
43; 6
43; 6
42; 12
43; 11
41; 7
43; 11
43; 6
42; 6
41; 6
44; 6
42; 6
43; 6
43; 14
43; 39
42; 24
42; 58
43; 75
43; 89
43; 90
43; 88
43; 85
42; 81
41; 79
43; 69
42; 64
43; 60
43; 75
43; 56
42; 50
42; 48
44; 50
43; 52
43; 54
42; 52
43; 48
43; 44
41; 43
43; 45
43; 44
43; 41
43; 44
43; 47
43; 44
42; 36
41; 27
43; 28
42; 30
42; 31
42; 26
43; 28
43; 35
42; 35
42; 34
44; 37
43; 50
43; 62
43; 77
43; 84
43; 81
42; 74
43; 66
42; 58
43; 47
42; 33
42; 15
42; 6
42; 6
42; 6
43; 6
41; 6
42; 6
43; 6
42; 6
42; 6
42; 6
43; 6
42; 6
41; 6
43; 6
42; 6
42; 6
42; 6
42; 6
42; 6
42; 6
42; 6
43; 6
41; 6
42; 6
42; 6
42; 6
42; 6
42; 17
42; 31
42; 58
42; 48
42; 66
42; 68
41; 65
42; 58
41; 55
42; 51
42; 43
42; 33
42; 25
42; 25
41; 29
42; 31
42; 27
42; 28
41; 31
42; 36
41; 34
42; 28
40; 26
42; 21
41; 21
41; 18
41; 12
41; 6
41; 6
41; 6
41; 6
41; 6
39; 6
42; 6
40; 6
41; 6
41; 6
40; 6
41; 6
41; 6
40; 6
41; 6
41; 6
41; 6
41; 6
41; 6
41; 6
41; 25
41; 48
41; 70
41; 79
41; 71
41; 62
39; 56
42; 51
41; 44
41; 33
41; 39
41; 32
41; 35
40; 40
42; 39
40; 39
41; 46
41; 56
41; 59
41; 59
41; 58
40; 63
42; 72
41; 72
41; 69
41; 66
41; 66
41; 68
41; 55
39; 40
40; 28
40; 21
41; 16
40; 8
40; 6
41; 6
41; 6
40; 9
41; 15
